22	0.000	0.000	0.000	0.000	0.000	0.000	1.000
26	0.000	0.000	0.000	0.000	0.000	0.000	1.000
30	0.000	0.000	0.000	0.000	0.000	0.000	1.000
33	0.000	0.000	0.000	0.000	0.000	0.000	1.000
37	0.000	0.000	0.000	0.000	0.000	0.000	1.000
41	0.000	0.000	0.000	0.000	0.000	0.000	1.000
44	0.000	0.000	0.000	0.000	0.000	0.000	1.000
49	0.000	0.000	0.000	0.000	0.000	0.000	1.000
52	0.000	0.000	0.000	0.000	0.000	0.000	1.000
54	0.000	0.000	0.000	0.000	0.000	0.000	1.000
57	0.000	0.000	0.000	0.000	0.000	0.000	1.000
60	0.000	0.000	0.000	0.000	0.000	0.000	1.000
63	0.000	0.000	0.000	0.000	0.000	0.000	1.000
68	0.000	0.000	0.000	0.000	0.000	0.000	1.000
71	0.000	0.000	0.000	0.000	0.000	0.000	1.000
74	0.000	0.000	0.000	0.000	0.000	0.000	1.000
76	0.000	0.000	0.000	0.000	0.000	0.000	1.000
78	0.000	0.000	0.000	0.000	0.000	0.000	1.000
82	0.000	0.000	0.000	0.000	0.000	0.000	1.000
85	0.000	0.000	0.000	0.000	0.000	0.000	1.000
87	0.000	0.000	0.000	0.000	0.000	0.000	1.000
89	0.000	0.000	0.000	0.000	0.000	0.000	1.000
92	0.000	0.000	0.000	0.000	0.000	0.000	1.000
94	0.000	0.000	0.000	0.000	0.000	0.000	1.000
96	0.000	0.000	0.000	0.000	0.000	0.000	1.000
98	0.000	0.000	0.000	0.000	0.000	0.000	1.000
100	0.000	0.000	0.000	0.000	0.000	0.000	1.000
103	0.000	0.000	0.000	0.000	0.000	0.000	1.000
105	0.000	0.000	0.000	0.000	0.000	0.000	1.000
107	0.000	0.000	0.000	0.000	0.000	0.000	1.000
109	0.000	0.000	0.000	0.000	0.000	0.000	1.000
111	0.000	0.000	0.000	0.000	0.000	0.000	1.000
114	0.000	0.000	0.000	0.000	0.000	0.000	1.000
116	0.000	0.000	0.000	0.000	0.000	0.000	1.000
118	0.000	0.000	0.000	0.000	0.000	0.000	1.000
119	0.000	0.000	0.000	0.000	0.000	0.000	1.000
122	0.000	0.000	0.000	0.000	0.000	0.000	1.000
125	0.000	0.000	0.000	0.000	0.000	0.000	1.000
127	0.000	0.000	0.000	0.000	0.000	0.000	1.000
129	0.000	0.000	0.000	0.000	0.000	0.000	1.000
131	0.000	0.000	0.000	0.000	0.000	0.000	1.000
133	0.000	0.000	0.000	0.000	0.000	0.000	1.000
135	0.000	0.000	0.000	0.000	0.000	0.000	1.000
138	0.000	0.000	0.000	0.000	0.000	0.000	1.000
140	0.000	0.000	0.000	0.000	0.000	0.000	1.000
142	0.000	0.000	0.000	0.000	0.000	0.000	1.000
145	0.000	0.000	0.000	0.000	0.000	0.000	1.000
148	0.000	0.000	0.000	0.000	0.000	0.000	1.000
150	0.000	0.000	0.000	0.000	0.000	0.000	1.000
152	0.000	0.000	0.000	0.000	0.000	0.000	1.000
154	0.000	0.000	0.000	0.000	0.000	0.000	1.000
156	0.000	0.000	0.000	0.000	0.000	0.000	1.000
158	0.000	0.000	0.000	0.000	0.000	0.000	1.000
161	0.000	0.000	0.000	0.000	0.000	0.000	1.000
163	0.000	0.000	0.000	0.000	0.000	0.000	1.000
165	0.000	0.000	0.000	0.000	0.000	0.000	1.000
167	0.000	0.000	0.000	0.000	0.000	0.000	1.000
169	0.000	0.000	0.000	0.000	0.000	0.000	1.000
171	0.000	0.000	0.000	0.000	0.000	0.000	1.000
173	0.000	0.000	0.000	0.000	0.000	0.000	1.000
175	0.000	0.000	0.000	0.000	0.000	0.000	1.000
178	0.000	0.000	0.000	0.000	0.000	0.000	1.000
181	0.000	0.000	0.000	0.000	0.000	0.000	1.000
183	0.000	0.000	0.000	0.000	0.000	0.000	1.000
185	0.000	0.000	0.000	0.000	0.000	0.000	1.000
186	0.000	0.000	0.000	0.000	0.000	0.000	1.000
188	0.000	0.000	0.000	0.000	0.000	0.000	1.000
190	0.000	0.000	0.000	0.000	0.000	0.000	1.000
192	0.000	0.000	0.000	0.000	0.000	0.000	1.000
193	0.000	0.000	0.000	0.000	0.000	0.000	1.000
196	0.000	0.000	0.000	0.000	0.000	0.000	1.000
197	0.000	0.000	0.000	0.000	0.000	0.000	1.000
199	0.000	0.000	0.000	0.000	0.000	0.000	1.000
201	0.000	0.000	0.000	0.000	0.000	0.000	1.000
203	0.000	0.000	0.000	0.000	0.000	0.000	1.000
204	0.000	0.000	0.000	0.000	0.000	0.000	1.000
206	0.000	0.000	0.000	0.000	0.000	0.000	1.000
207	0.000	0.000	0.000	0.000	0.000	0.000	1.000
209	0.000	0.000	0.000	0.000	0.000	0.000	1.000
211	0.000	0.000	0.000	0.000	0.000	0.000	1.000
213	0.000	0.000	0.000	0.000	0.000	0.000	1.000
215	0.000	0.000	0.000	0.000	0.000	0.000	1.000
216	0.000	0.000	0.000	0.000	0.000	0.000	1.000
218	0.000	0.000	0.000	0.000	0.000	0.000	1.000
220	0.000	0.000	0.000	0.000	0.000	0.000	1.000
221	0.000	0.000	0.000	0.000	0.000	0.000	1.000
223	0.000	0.000	0.000	0.000	0.000	0.000	1.000
226	0.000	0.000	0.000	0.000	0.000	0.000	1.000
228	0.000	0.000	0.000	0.000	0.000	0.000	1.000
230	0.000	0.000	0.000	0.000	0.000	0.000	1.000
232	0.000	0.000	0.000	0.000	0.000	0.000	1.000
235	0.000	0.000	0.000	0.000	0.000	0.000	1.000
237	0.000	0.000	0.000	0.000	0.000	0.000	1.000
240	0.000	0.000	0.000	0.000	0.000	0.000	1.000
242	0.000	0.000	0.000	0.000	0.000	0.000	1.000
244	0.000	0.000	0.000	0.000	0.000	0.000	1.000
246	0.000	0.000	0.000	0.000	0.000	0.000	1.000
248	0.000	0.000	0.000	0.000	0.000	0.000	1.000
250	0.000	0.000	0.000	0.000	0.000	0.000	1.000
252	0.000	0.000	0.000	0.000	0.000	0.000	1.000
253	0.000	0.000	0.000	0.000	0.000	0.000	1.000
255	0.000	0.000	0.000	0.000	0.000	0.000	1.000
257	0.000	0.000	0.000	0.000	0.000	0.000	1.000
258	0.000	0.000	0.000	0.000	0.000	0.000	1.000
260	0.000	0.000	0.000	0.000	0.000	0.000	1.000
262	0.000	0.000	0.000	0.000	0.000	0.000	1.000
263	0.000	0.000	0.000	0.000	0.000	0.000	1.000
265	0.000	0.000	0.000	0.000	0.000	0.000	1.000
266	0.000	0.000	0.000	0.000	0.000	0.000	1.000
268	0.000	0.000	0.000	0.000	0.000	0.000	1.000
270	0.000	0.000	0.000	0.000	0.000	0.000	1.000
272	0.000	0.000	0.000	0.000	0.000	0.000	1.000
274	0.000	0.000	0.000	0.000	0.000	0.000	1.000
275	0.000	0.000	0.000	0.000	0.000	0.000	1.000
277	0.000	0.000	0.000	0.000	0.000	0.000	1.000
278	0.000	0.000	0.000	0.000	0.000	0.000	1.000
280	0.000	0.000	0.000	0.000	0.000	0.000	1.000
281	0.000	0.000	0.000	0.000	0.000	0.000	1.000
283	0.000	0.000	0.000	0.000	0.000	0.000	1.000
285	0.000	0.000	0.000	0.000	0.000	0.000	1.000
286	0.000	0.000	0.000	0.000	0.000	0.000	1.000
289	0.000	0.000	0.000	0.000	0.000	0.000	1.000
290	0.000	0.000	0.000	0.000	0.000	0.000	1.000
292	0.000	0.000	0.000	0.000	0.000	0.000	1.000
294	0.000	0.000	0.000	0.000	0.000	0.000	1.000
296	0.000	0.000	0.000	0.000	0.000	0.000	1.000
298	0.000	0.000	0.000	0.000	0.000	0.000	1.000
299	0.000	0.000	0.000	0.000	0.000	0.000	1.000
303	0.000	0.000	0.000	0.000	0.000	0.000	1.000
304	0.000	0.000	0.000	0.000	0.000	0.000	1.000
306	0.000	0.000	0.000	0.000	0.000	0.000	1.000
307	0.000	0.000	0.000	0.000	0.000	0.000	1.000
309	0.000	0.000	0.000	0.000	0.000	0.000	1.000
310	0.000	0.000	0.000	0.000	0.000	0.000	1.000
312	0.000	0.000	0.000	0.000	0.000	0.000	1.000
314	0.000	0.000	0.000	0.000	0.000	0.000	1.000
316	0.000	0.000	0.000	0.000	0.000	0.000	1.000
318	0.000	0.000	0.000	0.000	0.000	0.000	1.000
320	0.000	0.000	0.000	0.000	0.000	0.000	1.000
321	0.000	0.000	0.000	0.000	0.000	0.000	1.000
323	0.000	0.000	0.000	0.000	0.000	0.000	1.000
324	0.000	0.000	0.000	0.000	0.000	0.000	1.000
326	0.000	0.000	0.000	0.000	0.000	0.000	1.000
328	0.000	0.000	0.000	0.000	0.000	0.000	1.000
329	0.000	0.000	0.000	0.000	0.000	0.000	1.000
331	0.000	0.000	0.000	0.000	0.000	0.000	1.000
332	0.000	0.000	0.000	0.000	0.000	0.000	1.000
334	0.000	0.000	0.000	0.000	0.000	0.000	1.000
335	0.000	0.000	0.000	0.000	0.000	0.000	1.000
337	0.000	0.000	0.000	0.000	0.000	0.000	1.000
339	0.000	0.000	0.000	0.000	0.000	0.000	1.000
340	0.000	0.000	0.000	0.000	0.000	0.000	1.000
342	0.000	0.000	0.000	0.000	0.000	0.000	1.000
343	0.000	0.000	0.000	0.000	0.000	0.000	1.000
345	0.000	0.000	0.000	0.000	0.000	0.000	1.000
346	0.000	0.000	0.000	0.000	0.000	0.000	1.000
348	0.000	0.000	0.000	0.000	0.000	0.000	1.000
350	0.000	0.000	0.000	0.000	0.000	0.000	1.000
351	0.000	0.000	0.000	0.000	0.000	0.000	1.000
353	0.000	0.000	0.000	0.000	0.000	0.000	1.000
354	0.000	0.000	0.000	0.000	0.000	0.000	1.000
356	0.000	0.000	0.000	0.000	0.000	0.000	1.000
357	0.000	0.000	0.000	0.000	0.000	0.000	1.000
359	0.000	0.000	0.000	0.000	0.000	0.000	1.000
361	0.000	0.000	0.000	0.000	0.000	0.000	1.000
362	0.000	0.000	0.000	0.000	0.000	0.000	1.000
364	0.000	0.000	0.000	0.000	0.000	0.000	1.000
365	0.000	0.000	0.000	0.000	0.000	0.000	1.000
367	0.000	0.000	0.000	0.000	0.000	0.000	1.000
368	0.000	0.000	0.000	0.000	0.000	0.000	1.000
370	0.000	0.000	0.000	0.000	0.000	0.000	1.000
371	0.000	0.000	0.000	0.000	0.000	0.000	1.000
373	0.000	0.000	0.000	0.000	0.000	0.000	1.000
374	0.000	0.000	0.000	0.000	0.000	0.000	1.000
376	0.000	0.000	0.000	0.000	0.000	0.000	1.000
377	0.000	0.000	0.000	0.000	0.000	0.000	1.000
379	0.000	0.000	0.000	0.000	0.000	0.000	1.000
380	0.000	0.000	0.000	0.000	0.000	0.000	1.000
382	0.000	0.000	0.000	0.000	0.000	0.000	1.000
383	0.000	0.000	0.000	0.000	0.000	0.000	1.000
385	0.000	0.000	0.000	0.000	0.000	0.000	1.000
386	0.000	0.000	0.000	0.000	0.000	0.000	1.000
388	0.000	0.000	0.000	0.000	0.000	0.000	1.000
389	0.000	0.000	0.000	0.000	0.000	0.000	1.000
391	0.000	0.000	0.000	0.000	0.000	0.000	1.000
393	0.000	0.000	0.000	0.000	0.000	0.000	1.000
394	0.000	0.000	0.000	0.000	0.000	0.000	1.000
396	0.000	0.000	0.000	0.000	0.000	0.000	1.000
398	0.000	0.000	0.000	0.000	0.000	0.000	1.000
400	0.000	0.000	0.000	0.000	0.000	0.000	1.000
401	0.000	0.000	0.000	0.000	0.000	0.000	1.000
403	0.000	0.000	0.000	0.000	0.000	0.000	1.000
404	0.000	0.000	0.000	0.000	0.000	0.000	1.000
406	0.000	0.000	0.000	0.000	0.000	0.000	1.000
407	0.000	0.000	0.000	0.000	0.000	0.000	1.000
409	0.000	0.000	0.000	0.000	0.000	0.000	1.000
410	0.000	0.000	0.000	0.000	0.000	0.000	1.000
412	0.000	0.000	0.000	0.000	0.000	0.000	1.000
414	0.000	0.000	0.000	0.000	0.000	0.000	1.000
416	0.000	0.000	0.000	0.000	0.000	0.000	1.000
417	0.000	0.000	0.000	0.000	0.000	0.000	1.000
418	0.000	0.000	0.000	0.000	0.000	0.000	1.000
420	0.000	0.000	0.000	0.000	0.000	0.000	1.000
421	0.000	0.000	0.000	0.000	0.000	0.000	1.000
423	0.000	0.000	0.000	0.000	0.000	0.000	1.000
424	0.000	0.000	0.000	0.000	0.000	0.000	1.000
425	0.000	0.000	0.000	0.000	0.000	0.000	1.000
427	0.000	0.000	0.000	0.000	0.000	0.000	1.000
428	0.000	0.000	0.000	0.000	0.000	0.000	1.000
430	0.000	0.000	0.000	0.000	0.000	0.000	1.000
431	0.000	0.000	0.000	0.000	0.000	0.000	1.000
433	0.000	0.000	0.000	0.000	0.000	0.000	1.000
434	0.000	0.000	0.000	0.000	0.000	0.000	1.000
438	0.000	0.000	0.000	0.000	0.000	0.000	1.000
439	0.063	0.037	0.080	0.086	-0.014	0.035	0.996
441	0.063	0.037	0.080	0.086	-0.014	0.035	0.996
443	0.063	0.037	0.080	0.086	-0.014	0.035	0.996
444	0.063	0.037	0.080	0.086	-0.014	0.035	0.996
446	0.063	0.037	0.080	0.086	-0.014	0.035	0.996
447	0.063	0.037	0.080	0.086	-0.014	0.035	0.996
449	0.063	0.037	0.080	0.086	-0.014	0.035	0.996
450	0.063	0.037	0.080	0.086	-0.014	0.035	0.996
452	0.063	0.037	0.080	0.086	-0.014	0.035	0.996
454	0.063	0.037	0.080	0.086	-0.014	0.035	0.996
456	0.063	0.037	0.080	0.086	-0.014	0.035	0.996
457	0.063	0.037	0.080	0.086	-0.014	0.035	0.996
459	0.063	0.037	0.080	0.086	-0.014	0.035	0.996
460	0.063	0.037	0.080	0.086	-0.014	0.035	0.996
462	0.063	0.037	0.080	0.086	-0.014	0.035	0.996
463	0.063	0.037	0.080	0.086	-0.014	0.035	0.996
465	0.063	0.037	0.080	0.086	-0.014	0.035	0.996
466	0.063	0.037	0.080	0.086	-0.014	0.035	0.996
468	0.063	0.037	0.080	0.086	-0.014	0.035	0.996
470	0.063	0.037	0.080	0.086	-0.014	0.035	0.996
472	0.063	0.037	0.080	0.086	-0.014	0.035	0.996
473	0.063	0.037	0.080	0.086	-0.014	0.035	0.996
475	0.063	0.037	0.080	0.086	-0.014	0.035	0.996
476	0.063	0.037	0.080	0.086	-0.014	0.035	0.996
478	0.063	0.037	0.080	0.086	-0.014	0.035	0.996
479	0.063	0.037	0.080	0.086	-0.014	0.035	0.996
480	0.063	0.037	0.080	0.086	-0.014	0.035	0.996
482	0.063	0.037	0.080	0.086	-0.014	0.035	0.996
484	0.063	0.037	0.080	0.086	-0.014	0.035	0.996
485	0.063	0.037	0.080	0.086	-0.014	0.035	0.996
487	0.063	0.037	0.080	0.086	-0.014	0.035	0.996
488	0.063	0.037	0.080	0.086	-0.014	0.035	0.996
490	0.063	0.037	0.080	0.086	-0.014	0.035	0.996
491	0.063	0.037	0.080	0.086	-0.014	0.035	0.996
493	0.063	0.037	0.080	0.086	-0.014	0.035	0.996
494	0.063	0.037	0.080	0.086	-0.014	0.035	0.996
496	0.063	0.037	0.080	0.086	-0.014	0.035	0.996
498	0.063	0.037	0.080	0.086	-0.014	0.035	0.996
499	0.063	0.037	0.080	0.086	-0.014	0.035	0.996
501	0.063	0.037	0.080	0.086	-0.014	0.035	0.996
502	0.063	0.037	0.080	0.086	-0.014	0.035	0.996
504	0.063	0.037	0.080	0.086	-0.014	0.035	0.996
506	0.063	0.037	0.080	0.086	-0.014	0.035	0.996
507	0.063	0.037	0.080	0.086	-0.014	0.035	0.996
509	0.063	0.037	0.080	0.086	-0.014	0.035	0.996
510	0.063	0.037	0.080	0.086	-0.014	0.035	0.996
512	0.063	0.037	0.080	0.086	-0.014	0.035	0.996
513	0.063	0.037	0.080	0.086	-0.014	0.035	0.996
515	0.063	0.037	0.080	0.086	-0.014	0.035	0.996
516	0.063	0.037	0.080	0.086	-0.014	0.035	0.996
518	0.063	0.037	0.080	0.086	-0.014	0.035	0.996
519	0.063	0.037	0.080	0.086	-0.014	0.035	0.996
521	0.063	0.037	0.080	0.086	-0.014	0.035	0.996
522	0.063	0.037	0.080	0.086	-0.014	0.035	0.996
524	0.063	0.037	0.080	0.086	-0.014	0.035	0.996
525	0.063	0.037	0.080	0.086	-0.014	0.035	0.996
527	0.063	0.037	0.080	0.086	-0.014	0.035	0.996
529	0.063	0.037	0.080	0.086	-0.014	0.035	0.996
530	0.063	0.037	0.080	0.086	-0.014	0.035	0.996
532	0.063	0.037	0.080	0.086	-0.014	0.035	0.996
533	0.063	0.037	0.080	0.086	-0.014	0.035	0.996
535	0.063	0.037	0.080	0.086	-0.014	0.035	0.996
536	0.063	0.037	0.080	0.086	-0.014	0.035	0.996
537	0.063	0.037	0.080	0.086	-0.014	0.035	0.996
539	0.063	0.037	0.080	0.086	-0.014	0.035	0.996
540	0.063	0.037	0.080	0.086	-0.014	0.035	0.996
542	0.063	0.037	0.080	0.086	-0.014	0.035	0.996
543	0.063	0.037	0.080	0.086	-0.014	0.035	0.996
545	0.063	0.037	0.080	0.086	-0.014	0.035	0.996
546	0.063	0.037	0.080	0.086	-0.014	0.035	0.996
548	0.063	0.037	0.080	0.086	-0.014	0.035	0.996
549	0.063	0.037	0.080	0.086	-0.014	0.035	0.996
550	0.063	0.037	0.080	0.086	-0.014	0.035	0.996
552	0.063	0.037	0.080	0.086	-0.014	0.035	0.996
553	0.063	0.037	0.080	0.086	-0.014	0.035	0.996
554	0.063	0.037	0.080	0.086	-0.014	0.035	0.996
556	0.063	0.037	0.080	0.086	-0.014	0.035	0.996
557	0.063	0.037	0.080	0.086	-0.014	0.035	0.996
559	0.063	0.037	0.080	0.086	-0.014	0.035	0.996
560	0.063	0.037	0.080	0.086	-0.014	0.035	0.996
562	0.063	0.037	0.080	0.086	-0.014	0.035	0.996
563	0.063	0.037	0.080	0.086	-0.014	0.035	0.996
565	0.063	0.037	0.080	0.086	-0.014	0.035	0.996
566	0.063	0.037	0.080	0.086	-0.014	0.035	0.996
568	0.063	0.037	0.080	0.086	-0.014	0.035	0.996
569	0.063	0.037	0.080	0.086	-0.014	0.035	0.996
571	0.063	0.037	0.080	0.086	-0.014	0.035	0.996
572	0.063	0.037	0.080	0.086	-0.014	0.035	0.996
574	0.063	0.037	0.080	0.086	-0.014	0.035	0.996
575	0.063	0.037	0.080	0.086	-0.014	0.035	0.996
577	0.063	0.037	0.080	0.086	-0.014	0.035	0.996
578	0.063	0.037	0.080	0.086	-0.014	0.035	0.996
580	0.063	0.037	0.080	0.086	-0.014	0.035	0.996
581	0.063	0.037	0.080	0.086	-0.014	0.035	0.996
583	0.063	0.037	0.080	0.086	-0.014	0.035	0.996
584	0.063	0.037	0.080	0.086	-0.014	0.035	0.996
586	0.063	0.037	0.080	0.086	-0.014	0.035	0.996
587	0.063	0.037	0.080	0.086	-0.014	0.035	0.996
589	0.063	0.037	0.080	0.086	-0.014	0.035	0.996
590	0.063	0.037	0.080	0.086	-0.014	0.035	0.996
592	0.063	0.037	0.080	0.086	-0.014	0.035	0.996
593	0.063	0.037	0.080	0.086	-0.014	0.035	0.996
595	0.063	0.037	0.080	0.086	-0.014	0.035	0.996
596	0.063	0.037	0.080	0.086	-0.014	0.035	0.996
598	0.063	0.037	0.080	0.086	-0.014	0.035	0.996
599	0.063	0.037	0.080	0.086	-0.014	0.035	0.996
601	0.063	0.037	0.080	0.086	-0.014	0.035	0.996
602	0.063	0.037	0.080	0.086	-0.014	0.035	0.996
604	0.063	0.037	0.080	0.086	-0.014	0.035	0.996
605	0.063	0.037	0.080	0.086	-0.014	0.035	0.996
607	0.063	0.037	0.080	0.086	-0.014	0.035	0.996
608	0.063	0.037	0.080	0.086	-0.014	0.035	0.996
610	0.063	0.037	0.080	0.086	-0.014	0.035	0.996
611	0.063	0.037	0.080	0.086	-0.014	0.035	0.996
613	0.063	0.037	0.080	0.086	-0.014	0.035	0.996
614	0.063	0.037	0.080	0.086	-0.014	0.035	0.996
616	0.063	0.037	0.080	0.086	-0.014	0.035	0.996
617	0.063	0.037	0.080	0.086	-0.014	0.035	0.996
619	0.063	0.037	0.080	0.086	-0.014	0.035	0.996
620	0.063	0.037	0.080	0.086	-0.014	0.035	0.996
621	0.063	0.037	0.080	0.086	-0.014	0.035	0.996
623	0.063	0.037	0.080	0.086	-0.014	0.035	0.996
624	0.063	0.037	0.080	0.086	-0.014	0.035	0.996
626	0.063	0.037	0.080	0.086	-0.014	0.035	0.996
627	0.063	0.037	0.080	0.086	-0.014	0.035	0.996
629	0.063	0.037	0.080	0.086	-0.014	0.035	0.996
630	0.063	0.037	0.080	0.086	-0.014	0.035	0.996
632	0.063	0.037	0.080	0.086	-0.014	0.035	0.996
633	0.063	0.037	0.080	0.086	-0.014	0.035	0.996
634	0.063	0.037	0.080	0.086	-0.014	0.035	0.996
636	0.063	0.037	0.080	0.086	-0.014	0.035	0.996
637	0.063	0.037	0.080	0.086	-0.014	0.035	0.996
639	0.063	0.037	0.080	0.086	-0.014	0.035	0.996
640	0.063	0.037	0.080	0.086	-0.014	0.035	0.996
642	0.063	0.037	0.080	0.086	-0.014	0.035	0.996
643	0.063	0.037	0.080	0.086	-0.014	0.035	0.996
644	0.063	0.037	0.080	0.086	-0.014	0.035	0.996
646	0.063	0.037	0.080	0.086	-0.014	0.035	0.996
647	0.063	0.037	0.080	0.086	-0.014	0.035	0.996
649	0.063	0.037	0.080	0.086	-0.014	0.035	0.996
650	0.063	0.037	0.080	0.086	-0.014	0.035	0.996
652	0.063	0.037	0.080	0.086	-0.014	0.035	0.996
653	0.063	0.037	0.080	0.086	-0.014	0.035	0.996
655	0.063	0.037	0.080	0.086	-0.014	0.035	0.996
656	0.063	0.037	0.080	0.086	-0.014	0.035	0.996
658	0.063	0.037	0.080	0.086	-0.014	0.035	0.996
659	0.063	0.037	0.080	0.086	-0.014	0.035	0.996
661	0.063	0.037	0.080	0.086	-0.014	0.035	0.996
662	0.063	0.037	0.080	0.086	-0.014	0.035	0.996
664	0.063	0.037	0.080	0.086	-0.014	0.035	0.996
665	0.063	0.037	0.080	0.086	-0.014	0.035	0.996
666	0.063	0.037	0.080	0.086	-0.014	0.035	0.996
668	0.063	0.037	0.080	0.086	-0.014	0.035	0.996
669	0.063	0.037	0.080	0.086	-0.014	0.035	0.996
671	0.063	0.037	0.080	0.086	-0.014	0.035	0.996
673	0.063	0.037	0.080	0.086	-0.014	0.035	0.996
674	0.063	0.037	0.080	0.086	-0.014	0.035	0.996
676	0.063	0.037	0.080	0.086	-0.014	0.035	0.996
677	0.063	0.037	0.080	0.086	-0.014	0.035	0.996
678	0.063	0.037	0.080	0.086	-0.014	0.035	0.996
680	0.063	0.037	0.080	0.086	-0.014	0.035	0.996
682	0.063	0.037	0.080	0.086	-0.014	0.035	0.996
683	0.063	0.037	0.080	0.086	-0.014	0.035	0.996
685	0.063	0.037	0.080	0.086	-0.014	0.035	0.996
686	0.063	0.037	0.080	0.086	-0.014	0.035	0.996
688	0.063	0.037	0.080	0.086	-0.014	0.035	0.996
689	0.063	0.037	0.080	0.086	-0.014	0.035	0.996
693	0.063	0.037	0.080	0.086	-0.014	0.035	0.996
697	0.063	0.037	0.080	0.086	-0.014	0.035	0.996
700	0.063	0.037	0.080	0.086	-0.014	0.035	0.996
702	0.063	0.037	0.080	0.086	-0.014	0.035	0.996
706	0.063	0.037	0.080	0.086	-0.014	0.035	0.996
708	0.063	0.037	0.080	0.086	-0.014	0.035	0.996
709	0.063	0.037	0.080	0.086	-0.014	0.035	0.996
711	0.063	0.037	0.080	0.086	-0.014	0.035	0.996
712	0.063	0.037	0.080	0.086	-0.014	0.035	0.996
716	0.063	0.037	0.080	0.086	-0.014	0.035	0.996
718	0.063	0.037	0.080	0.086	-0.014	0.035	0.996
719	0.063	0.037	0.080	0.086	-0.014	0.035	0.996
721	0.063	0.037	0.080	0.086	-0.014	0.035	0.996
722	0.063	0.037	0.080	0.086	-0.014	0.035	0.996
724	0.063	0.037	0.080	0.086	-0.014	0.035	0.996
725	0.063	0.037	0.080	0.086	-0.014	0.035	0.996
727	0.063	0.037	0.080	0.086	-0.014	0.035	0.996
728	0.063	0.037	0.080	0.086	-0.014	0.035	0.996
729	0.063	0.037	0.080	0.086	-0.014	0.035	0.996
731	0.063	0.037	0.080	0.086	-0.014	0.035	0.996
732	0.063	0.037	0.080	0.086	-0.014	0.035	0.996
734	0.063	0.037	0.080	0.086	-0.014	0.035	0.996
735	0.063	0.037	0.080	0.086	-0.014	0.035	0.996
737	0.063	0.037	0.080	0.086	-0.014	0.035	0.996
738	0.063	0.037	0.080	0.086	-0.014	0.035	0.996
740	0.063	0.037	0.080	0.086	-0.014	0.035	0.996
741	0.063	0.037	0.080	0.086	-0.014	0.035	0.996
742	0.063	0.037	0.080	0.086	-0.014	0.035	0.996
744	0.063	0.037	0.080	0.086	-0.014	0.035	0.996
745	0.063	0.037	0.080	0.086	-0.014	0.035	0.996
747	0.063	0.037	0.080	0.086	-0.014	0.035	0.996
748	0.063	0.037	0.080	0.086	-0.014	0.035	0.996
750	0.063	0.037	0.080	0.086	-0.014	0.035	0.996
751	0.063	0.037	0.080	0.086	-0.014	0.035	0.996
752	0.063	0.037	0.080	0.086	-0.014	0.035	0.996
754	0.063	0.037	0.080	0.086	-0.014	0.035	0.996
755	0.063	0.037	0.080	0.086	-0.014	0.035	0.996
757	0.063	0.037	0.080	0.086	-0.014	0.035	0.996
758	0.063	0.037	0.080	0.086	-0.014	0.035	0.996
759	0.063	0.037	0.080	0.086	-0.014	0.035	0.996
761	0.063	0.037	0.080	0.086	-0.014	0.035	0.996
762	0.063	0.037	0.080	0.086	-0.014	0.035	0.996
764	0.063	0.037	0.080	0.086	-0.014	0.035	0.996
765	0.063	0.037	0.080	0.086	-0.014	0.035	0.996
767	0.063	0.037	0.080	0.086	-0.014	0.035	0.996
768	0.063	0.037	0.080	0.086	-0.014	0.035	0.996
769	0.063	0.037	0.080	0.086	-0.014	0.035	0.996
771	0.063	0.037	0.080	0.086	-0.014	0.035	0.996
772	0.063	0.037	0.080	0.086	-0.014	0.035	0.996
773	0.063	0.037	0.080	0.086	-0.014	0.035	0.996
775	0.063	0.037	0.080	0.086	-0.014	0.035	0.996
776	0.063	0.037	0.080	0.086	-0.014	0.035	0.996
777	0.063	0.037	0.080	0.086	-0.014	0.035	0.996
779	0.063	0.037	0.080	0.086	-0.014	0.035	0.996
780	0.063	0.037	0.080	0.086	-0.014	0.035	0.996
782	0.063	0.037	0.080	0.086	-0.014	0.035	0.996
783	0.063	0.037	0.080	0.086	-0.014	0.035	0.996
785	0.063	0.037	0.080	0.086	-0.014	0.035	0.996
786	0.063	0.037	0.080	0.086	-0.014	0.035	0.996
787	0.063	0.037	0.080	0.086	-0.014	0.035	0.996
789	0.063	0.037	0.080	0.086	-0.014	0.035	0.996
790	0.063	0.037	0.080	0.086	-0.014	0.035	0.996
792	0.063	0.037	0.080	0.086	-0.014	0.035	0.996
793	0.063	0.037	0.080	0.086	-0.014	0.035	0.996
794	0.063	0.037	0.080	0.086	-0.014	0.035	0.996
796	0.063	0.037	0.080	0.086	-0.014	0.035	0.996
797	0.063	0.037	0.080	0.086	-0.014	0.035	0.996
799	0.063	0.037	0.080	0.086	-0.014	0.035	0.996
800	0.063	0.037	0.080	0.086	-0.014	0.035	0.996
802	0.063	0.037	0.080	0.086	-0.014	0.035	0.996
803	0.063	0.037	0.080	0.086	-0.014	0.035	0.996
804	0.063	0.037	0.080	0.086	-0.014	0.035	0.996
806	0.063	0.037	0.080	0.086	-0.014	0.035	0.996
807	0.063	0.037	0.080	0.086	-0.014	0.035	0.996
809	0.063	0.037	0.080	0.086	-0.014	0.035	0.996
810	0.063	0.037	0.080	0.086	-0.014	0.035	0.996
811	0.063	0.037	0.080	0.086	-0.014	0.035	0.996
813	0.063	0.037	0.080	0.086	-0.014	0.035	0.996
814	0.063	0.037	0.080	0.086	-0.014	0.035	0.996
816	0.063	0.037	0.080	0.086	-0.014	0.035	0.996
817	0.063	0.037	0.080	0.086	-0.014	0.035	0.996
819	0.063	0.037	0.080	0.086	-0.014	0.035	0.996
820	0.063	0.037	0.080	0.086	-0.014	0.035	0.996
822	0.063	0.037	0.080	0.086	-0.014	0.035	0.996
823	0.063	0.037	0.080	0.086	-0.014	0.035	0.996
825	0.063	0.037	0.080	0.086	-0.014	0.035	0.996
826	0.063	0.037	0.080	0.086	-0.014	0.035	0.996
827	0.063	0.037	0.080	0.086	-0.014	0.035	0.996
829	0.063	0.037	0.080	0.086	-0.014	0.035	0.996
830	0.063	0.037	0.080	0.086	-0.014	0.035	0.996
831	0.063	0.037	0.080	0.086	-0.014	0.035	0.996
833	0.063	0.037	0.080	0.086	-0.014	0.035	0.996
834	0.063	0.037	0.080	0.086	-0.014	0.035	0.996
836	0.063	0.037	0.080	0.086	-0.014	0.035	0.996
837	0.063	0.037	0.080	0.086	-0.014	0.035	0.996
839	0.063	0.037	0.080	0.086	-0.014	0.035	0.996
840	0.063	0.037	0.080	0.086	-0.014	0.035	0.996
841	0.063	0.037	0.080	0.086	-0.014	0.035	0.996
843	0.063	0.037	0.080	0.086	-0.014	0.035	0.996
844	0.063	0.037	0.080	0.086	-0.014	0.035	0.996
845	0.063	0.037	0.080	0.086	-0.014	0.035	0.996
847	0.063	0.037	0.080	0.086	-0.014	0.035	0.996
848	0.063	0.037	0.080	0.086	-0.014	0.035	0.996
850	0.063	0.037	0.080	0.086	-0.014	0.035	0.996
851	0.063	0.037	0.080	0.086	-0.014	0.035	0.996
853	0.063	0.037	0.080	0.086	-0.014	0.035	0.996
854	0.063	0.037	0.080	0.086	-0.014	0.035	0.996
855	0.063	0.037	0.080	0.086	-0.014	0.035	0.996
857	0.063	0.037	0.080	0.086	-0.014	0.035	0.996
858	0.063	0.037	0.080	0.086	-0.014	0.035	0.996
860	0.063	0.037	0.080	0.086	-0.014	0.035	0.996
861	0.063	0.037	0.080	0.086	-0.014	0.035	0.996
863	0.063	0.037	0.080	0.086	-0.014	0.035	0.996
864	0.063	0.037	0.080	0.086	-0.014	0.035	0.996
865	0.063	0.037	0.080	0.086	-0.014	0.035	0.996
867	0.063	0.037	0.080	0.086	-0.014	0.035	0.996
868	0.063	0.037	0.080	0.086	-0.014	0.035	0.996
869	0.063	0.037	0.080	0.086	-0.014	0.035	0.996
871	0.063	0.037	0.080	0.086	-0.014	0.035	0.996
872	0.063	0.037	0.080	0.086	-0.014	0.035	0.996
873	0.063	0.037	0.080	0.086	-0.014	0.035	0.996
875	0.063	0.037	0.080	0.086	-0.014	0.035	0.996
876	0.063	0.037	0.080	0.086	-0.014	0.035	0.996
878	0.063	0.037	0.080	0.086	-0.014	0.035	0.996
879	0.063	0.037	0.080	0.086	-0.014	0.035	0.996
881	0.063	0.037	0.080	0.086	-0.014	0.035	0.996
882	0.063	0.037	0.080	0.086	-0.014	0.035	0.996
884	0.063	0.037	0.080	0.086	-0.014	0.035	0.996
885	0.063	0.037	0.080	0.086	-0.014	0.035	0.996
887	0.063	0.037	0.080	0.086	-0.014	0.035	0.996
889	0.063	0.037	0.080	0.086	-0.014	0.035	0.996
891	0.063	0.037	0.080	0.086	-0.014	0.035	0.996
892	0.063	0.037	0.080	0.086	-0.014	0.035	0.996
894	0.063	0.037	0.080	0.086	-0.014	0.035	0.996
895	0.063	0.037	0.080	0.086	-0.014	0.035	0.996
897	0.063	0.037	0.080	0.086	-0.014	0.035	0.996
898	0.063	0.037	0.080	0.086	-0.014	0.035	0.996
899	0.063	0.037	0.080	0.086	-0.014	0.035	0.996
901	0.063	0.037	0.080	0.086	-0.014	0.035	0.996
902	0.063	0.037	0.080	0.086	-0.014	0.035	0.996
903	0.063	0.037	0.080	0.086	-0.014	0.035	0.996
905	0.063	0.037	0.080	0.086	-0.014	0.035	0.996
906	0.063	0.037	0.080	0.086	-0.014	0.035	0.996
908	0.063	0.037	0.080	0.086	-0.014	0.035	0.996
909	0.063	0.037	0.080	0.086	-0.014	0.035	0.996
911	0.063	0.037	0.080	0.086	-0.014	0.035	0.996
912	0.063	0.037	0.080	0.086	-0.014	0.035	0.996
913	0.063	0.037	0.080	0.086	-0.014	0.035	0.996
915	0.063	0.037	0.080	0.086	-0.014	0.035	0.996
916	0.063	0.037	0.080	0.086	-0.014	0.035	0.996
917	0.063	0.037	0.080	0.086	-0.014	0.035	0.996
919	0.063	0.037	0.080	0.086	-0.014	0.035	0.996
920	0.063	0.037	0.080	0.086	-0.014	0.035	0.996
921	0.063	0.037	0.080	0.086	-0.014	0.035	0.996
923	0.063	0.037	0.080	0.086	-0.014	0.035	0.996
924	0.063	0.037	0.080	0.086	-0.014	0.035	0.996
925	0.063	0.037	0.080	0.086	-0.014	0.035	0.996
927	0.063	0.037	0.080	0.086	-0.014	0.035	0.996
928	0.063	0.037	0.080	0.086	-0.014	0.035	0.996
930	0.063	0.037	0.080	0.086	-0.014	0.035	0.996
931	0.063	0.037	0.080	0.086	-0.014	0.035	0.996
933	0.063	0.037	0.080	0.086	-0.014	0.035	0.996
934	0.063	0.037	0.080	0.086	-0.014	0.035	0.996
935	0.063	0.037	0.080	0.086	-0.014	0.035	0.996
937	0.063	0.037	0.080	0.086	-0.014	0.035	0.996
938	0.063	0.037	0.080	0.086	-0.014	0.035	0.996
940	0.063	0.037	0.080	0.086	-0.014	0.035	0.996
941	0.063	0.037	0.080	0.086	-0.014	0.035	0.996
943	0.063	0.037	0.080	0.086	-0.014	0.035	0.996
945	0.063	0.037	0.080	0.086	-0.014	0.035	0.996
946	0.063	0.037	0.080	0.086	-0.014	0.035	0.996
948	0.063	0.037	0.080	0.086	-0.014	0.035	0.996
949	0.063	0.037	0.080	0.086	-0.014	0.035	0.996
951	0.063	0.037	0.080	0.086	-0.014	0.035	0.996
952	0.063	0.037	0.080	0.086	-0.014	0.035	0.996
954	0.063	0.037	0.080	0.086	-0.014	0.035	0.996
955	0.063	0.037	0.080	0.086	-0.014	0.035	0.996
956	0.063	0.037	0.080	0.086	-0.014	0.035	0.996
958	0.063	0.037	0.080	0.086	-0.014	0.035	0.996
959	0.063	0.037	0.080	0.086	-0.014	0.035	0.996
961	0.063	0.037	0.080	0.086	-0.014	0.035	0.996
962	0.063	0.037	0.080	0.086	-0.014	0.035	0.996
964	0.063	0.037	0.080	0.086	-0.014	0.035	0.996
965	0.063	0.037	0.080	0.086	-0.014	0.035	0.996
967	0.063	0.037	0.080	0.086	-0.014	0.035	0.996
968	0.063	0.037	0.080	0.086	-0.014	0.035	0.996
969	0.063	0.037	0.080	0.086	-0.014	0.035	0.996
971	0.063	0.037	0.080	0.086	-0.014	0.035	0.996
972	0.063	0.037	0.080	0.086	-0.014	0.035	0.996
974	0.063	0.037	0.080	0.086	-0.014	0.035	0.996
975	0.063	0.037	0.080	0.086	-0.014	0.035	0.996
979	0.063	0.037	0.080	0.086	-0.014	0.035	0.996
980	0.063	0.037	0.080	0.086	-0.014	0.035	0.996
981	0.063	0.037	0.080	0.086	-0.014	0.035	0.996
982	0.063	0.037	0.080	0.086	-0.014	0.035	0.996
984	0.063	0.037	0.080	0.086	-0.014	0.035	0.996
985	0.063	0.037	0.080	0.086	-0.014	0.035	0.996
986	0.063	0.037	0.080	0.086	-0.014	0.035	0.996
987	0.063	0.037	0.080	0.086	-0.014	0.035	0.996
988	0.063	0.037	0.080	0.086	-0.014	0.035	0.996
990	0.063	0.037	0.080	0.086	-0.014	0.035	0.996
991	0.063	0.037	0.080	0.086	-0.014	0.035	0.996
993	0.063	0.037	0.080	0.086	-0.014	0.035	0.996
994	0.063	0.037	0.080	0.086	-0.014	0.035	0.996
996	0.063	0.037	0.080	0.086	-0.014	0.035	0.996
997	0.063	0.037	0.080	0.086	-0.014	0.035	0.996
999	0.063	0.037	0.080	0.086	-0.014	0.035	0.996
1000	0.063	0.037	0.080	0.086	-0.014	0.035	0.996
1002	0.063	0.037	0.080	0.086	-0.014	0.035	0.996
1004	0.063	0.037	0.080	0.086	-0.014	0.035	0.996
1005	0.063	0.037	0.080	0.086	-0.014	0.035	0.996
1007	0.063	0.037	0.080	0.086	-0.014	0.035	0.996
1008	0.063	0.037	0.080	0.086	-0.014	0.035	0.996
1010	0.063	0.037	0.080	0.086	-0.014	0.035	0.996
1012	0.063	0.037	0.080	0.086	-0.014	0.035	0.996
1014	0.063	0.037	0.080	0.086	-0.014	0.035	0.996
1015	0.063	0.037	0.080	0.086	-0.014	0.035	0.996
1017	0.063	0.037	0.080	0.086	-0.014	0.035	0.996
1018	0.063	0.037	0.080	0.086	-0.014	0.035	0.996
1020	0.063	0.037	0.080	0.086	-0.014	0.035	0.996
1021	0.063	0.037	0.080	0.086	-0.014	0.035	0.996
1023	0.063	0.037	0.080	0.086	-0.014	0.035	0.996
1024	0.063	0.037	0.080	0.086	-0.014	0.035	0.996
1026	0.063	0.037	0.080	0.086	-0.014	0.035	0.996
1027	0.063	0.037	0.080	0.086	-0.014	0.035	0.996
1029	0.063	0.037	0.080	0.086	-0.014	0.035	0.996
1030	0.063	0.037	0.080	0.086	-0.014	0.035	0.996
1032	0.063	0.037	0.080	0.086	-0.014	0.035	0.996
1033	0.063	0.037	0.080	0.086	-0.014	0.035	0.996
1035	0.063	0.037	0.080	0.086	-0.014	0.035	0.996
1036	0.063	0.037	0.080	0.086	-0.014	0.035	0.996
1038	0.063	0.037	0.080	0.086	-0.014	0.035	0.996
1040	0.063	0.037	0.080	0.086	-0.014	0.035	0.996
1041	0.063	0.037	0.080	0.086	-0.014	0.035	0.996
1043	0.063	0.037	0.080	0.086	-0.014	0.035	0.996
1044	0.063	0.037	0.080	0.086	-0.014	0.035	0.996
1046	0.063	0.037	0.080	0.086	-0.014	0.035	0.996
1048	0.063	0.037	0.080	0.086	-0.014	0.035	0.996
1049	0.063	0.037	0.080	0.086	-0.014	0.035	0.996
1051	0.063	0.037	0.080	0.086	-0.014	0.035	0.996
1052	0.063	0.037	0.080	0.086	-0.014	0.035	0.996
1054	0.063	0.037	0.080	0.086	-0.014	0.035	0.996
1055	0.063	0.037	0.080	0.086	-0.014	0.035	0.996
1057	0.063	0.037	0.080	0.086	-0.014	0.035	0.996
1058	0.063	0.037	0.080	0.086	-0.014	0.035	0.996
1060	0.063	0.037	0.080	0.086	-0.014	0.035	0.996
1061	0.063	0.037	0.080	0.086	-0.014	0.035	0.996
1062	0.063	0.037	0.080	0.086	-0.014	0.035	0.996
1064	0.063	0.037	0.080	0.086	-0.014	0.035	0.996
1065	0.063	0.037	0.080	0.086	-0.014	0.035	0.996
1067	0.063	0.037	0.080	0.086	-0.014	0.035	0.996
1068	0.063	0.037	0.080	0.086	-0.014	0.035	0.996
1069	0.063	0.037	0.080	0.086	-0.014	0.035	0.996
1071	0.063	0.037	0.080	0.086	-0.014	0.035	0.996
1072	0.063	0.037	0.080	0.086	-0.014	0.035	0.996
1074	0.063	0.037	0.080	0.086	-0.014	0.035	0.996
1075	0.063	0.037	0.080	0.086	-0.014	0.035	0.996
1076	0.063	0.037	0.080	0.086	-0.014	0.035	0.996
1078	0.063	0.037	0.080	0.086	-0.014	0.035	0.996
1079	0.063	0.037	0.080	0.086	-0.014	0.035	0.996
1081	0.063	0.037	0.080	0.086	-0.014	0.035	0.996
1082	0.063	0.037	0.080	0.086	-0.014	0.035	0.996
1083	0.063	0.037	0.080	0.086	-0.014	0.035	0.996
1085	0.063	0.037	0.080	0.086	-0.014	0.035	0.996
1086	0.063	0.037	0.080	0.086	-0.014	0.035	0.996
1088	0.063	0.037	0.080	0.086	-0.014	0.035	0.996
1089	0.063	0.037	0.080	0.086	-0.014	0.035	0.996
1091	0.063	0.037	0.080	0.086	-0.014	0.035	0.996
1092	0.063	0.037	0.080	0.086	-0.014	0.035	0.996
1094	0.063	0.037	0.080	0.086	-0.014	0.035	0.996
1095	0.063	0.037	0.080	0.086	-0.014	0.035	0.996
1096	0.063	0.037	0.080	0.086	-0.014	0.035	0.996
1098	0.063	0.037	0.080	0.086	-0.014	0.035	0.996
1099	0.063	0.037	0.080	0.086	-0.014	0.035	0.996
1101	0.063	0.037	0.080	0.086	-0.014	0.035	0.996
1102	0.063	0.037	0.080	0.086	-0.014	0.035	0.996
1104	0.063	0.037	0.080	0.086	-0.014	0.035	0.996
1105	0.063	0.037	0.080	0.086	-0.014	0.035	0.996
1107	0.063	0.037	0.080	0.086	-0.014	0.035	0.996
1108	0.063	0.037	0.080	0.086	-0.014	0.035	0.996
1110	0.063	0.037	0.080	0.086	-0.014	0.035	0.996
1111	0.063	0.037	0.080	0.086	-0.014	0.035	0.996
1113	0.063	0.037	0.080	0.086	-0.014	0.035	0.996
1114	0.063	0.037	0.080	0.086	-0.014	0.035	0.996
1116	0.063	0.037	0.080	0.086	-0.014	0.035	0.996
1118	0.063	0.037	0.080	0.086	-0.014	0.035	0.996
1119	0.063	0.037	0.080	0.086	-0.014	0.035	0.996
1121	0.063	0.037	0.080	0.086	-0.014	0.035	0.996
1122	0.063	0.037	0.080	0.086	-0.014	0.035	0.996
1124	0.063	0.037	0.080	0.086	-0.014	0.035	0.996
1126	0.063	0.037	0.080	0.086	-0.014	0.035	0.996
1127	0.063	0.037	0.080	0.086	-0.014	0.035	0.996
1129	0.063	0.037	0.080	0.086	-0.014	0.035	0.996
1131	0.063	0.037	0.080	0.086	-0.014	0.035	0.996
1132	0.063	0.037	0.080	0.086	-0.014	0.035	0.996
1134	0.063	0.037	0.080	0.086	-0.014	0.035	0.996
1135	0.063	0.037	0.080	0.086	-0.014	0.035	0.996
1137	0.063	0.037	0.080	0.086	-0.014	0.035	0.996
1139	0.063	0.037	0.080	0.086	-0.014	0.035	0.996
1140	0.063	0.037	0.080	0.086	-0.014	0.035	0.996
1142	0.063	0.037	0.080	0.086	-0.014	0.035	0.996
1143	0.063	0.037	0.080	0.086	-0.014	0.035	0.996
1145	0.063	0.037	0.080	0.086	-0.014	0.035	0.996
1146	0.063	0.037	0.080	0.086	-0.014	0.035	0.996
1147	0.063	0.037	0.080	0.086	-0.014	0.035	0.996
1149	0.063	0.037	0.080	0.086	-0.014	0.035	0.996
1150	0.063	0.037	0.080	0.086	-0.014	0.035	0.996
1152	0.063	0.037	0.080	0.086	-0.014	0.035	0.996
1153	0.063	0.037	0.080	0.086	-0.014	0.035	0.996
1155	0.063	0.037	0.080	0.086	-0.014	0.035	0.996
1156	0.063	0.037	0.080	0.086	-0.014	0.035	0.996
1158	0.063	0.037	0.080	0.086	-0.014	0.035	0.996
1159	0.063	0.037	0.080	0.086	-0.014	0.035	0.996
1161	0.063	0.037	0.080	0.086	-0.014	0.035	0.996
1162	0.063	0.037	0.080	0.086	-0.014	0.035	0.996
1163	0.063	0.037	0.080	0.086	-0.014	0.035	0.996
1165	0.063	0.037	0.080	0.086	-0.014	0.035	0.996
1166	0.063	0.037	0.080	0.086	-0.014	0.035	0.996
1168	0.063	0.037	0.080	0.086	-0.014	0.035	0.