22	0.000	0.000	0.000	0.000	0.000	0.000	1.000
28	0.000	0.000	0.000	0.000	0.000	0.000	1.000
53	0.000	0.000	0.000	0.000	0.000	0.000	1.000
80	0.000	0.000	0.000	0.000	0.000	0.000	1.000
106	0.000	0.000	0.000	0.000	0.000	0.000	1.000
129	0.000	0.000	0.000	0.000	0.000	0.000	1.000
153	0.000	0.000	0.000	0.000	0.000	0.000	1.000
181	0.000	0.000	0.000	0.000	0.000	0.000	1.000
204	0.000	0.000	0.000	0.000	0.000	0.000	1.000
229	0.000	0.000	0.000	0.000	0.000	0.000	1.000
254	0.000	0.000	0.000	0.000	0.000	0.000	1.000
282	0.000	0.000	0.000	0.000	0.000	0.000	1.000
304	0.000	0.000	0.000	0.000	0.000	0.000	1.000
330	0.000	0.000	0.000	0.000	0.000	0.000	1.000
356	0.000	0.000	0.000	0.000	0.000	0.000	1.000
381	0.000	0.000	0.000	0.000	0.000	0.000	1.000
407	0.000	0.000	0.000	0.000	0.000	0.000	1.000
433	0.000	0.000	0.000	0.000	0.000	0.000	1.000
458	0.067	0.030	0.071	0.035	-0.033	0.030	0.998
482	0.067	0.030	0.071	0.035	-0.033	0.030	0.998
507	0.067	0.030	0.071	0.035	-0.033	0.030	0.998
532	0.067	0.030	0.071	0.035	-0.033	0.030	0.998
557	0.067	0.030	0.071	0.035	-0.033	0.030	0.998
584	0.067	0.030	0.071	0.035	-0.033	0.030	0.998
609	0.067	0.030	0.071	0.035	-0.033	0.030	0.998
634	0.067	0.030	0.071	0.035	-0.033	0.030	0.998
659	0.067	0.030	0.071	0.035	-0.033	0.030	0.998
686	0.067	0.030	0.071	0.035	-0.033	0.030	0.998
709	0.067	0.030	0.071	0.035	-0.033	0.030	0.998
735	0.067	0.030	0.071	0.035	-0.033	0.030	0.998
760	0.067	0.030	0.071	0.035	-0.033	0.030	0.998
785	0.067	0.030	0.071	0.035	-0.033	0.030	0.998
810	0.067	0.030	0.071	0.035	-0.033	0.030	0.998
835	0.067	0.030	0.071	0.035	-0.033	0.030	0.998
860	0.067	0.030	0.071	0.035	-0.033	0.030	0.998
885	0.067	0.030	0.071	0.035	-0.033	0.030	0.998
911	0.067	0.030	0.071	0.035	-0.033	0.030	0.998
936	0.067	0.030	0.071	0.035	-0.033	0.030	0.998
961	0.067	0.030	0.071	0.035	-0.033	0.030	0.998
987	0.067	0.030	0.071	0.035	-0.033	0.030	0.998
1012	0.067	0.030	0.071	0.035	-0.033	0.030	0.998
1038	0.067	0.030	0.071	0.035	-0.033	0.030	0.998
1063	0.067	0.030	0.071	0.035	-0.033	0.030	0.998
1088	0.067	0.030	0.071	0.035	-0.033	0.030	0.998
1113	0.067	0.030	0.071	0.035	-0.033	0.030	0.998
1140	0.067	0.030	0.071	0.035	-0.033	0.030	0.998
1165	0.067	0.030	0.071	0.035	-0.033	0.030	0.998
1193	0.067	0.030	0.071	0.035	-0.033	0.030	0.998
1216	0.067	0.030	0.071	0.035	-0.033	0.030	0.998
1241	0.067	0.030	0.071	0.035	-0.033	0.030	0.998
1267	0.067	0.030	0.071	0.035	-0.033	0.030	0.998
1292	0.067	0.030	0.071	0.035	-0.033	0.030	0.998
1316	0.067	0.030	0.071	0.035	-0.033	0.030	0.998
1343	0.067	0.030	0.071	0.035	-0.033	0.030	0.998
1367	0.067	0.030	0.071	0.035	-0.033	0.030	0.998
1392	0.067	0.030	0.071	0.035	-0.033	0.030	0.998
1417	0.067	0.030	0.071	0.035	-0.033	0.030	0.998
1442	0.067	0.030	0.071	0.035	-0.033	0.030	0.998
1467	0.067	0.030	0.071	0.035	-0.033	0.030	0.998
1492	0.067	0.030	0.071	0.035	-0.033	0.030	0.998
1517	0.067	0.030	0.071	0.035	-0.033	0.030	0.998
1543	0.067	0.030	0.071	0.035	-0.033	0.030	0.998
1566	0.067	0.030	0.071	0.035	-0.033	0.030	0.998
1592	0.067	0.030	0.071	0.035	-0.033	0.030	0.998
1616	0.067	0.030	0.071	0.035	-0.033	0.030	0.998
1643	0.067	0.030	0.071	0.035	-0.033	0.030	0.998
1667	0.067	0.030	0.071	0.035	-0.033	0.030	0.998
1692	0.067	0.030	0.071	0.035	-0.033	0.030	0.998
1717	0.067	0.030	0.071	0.035	-0.033	0.030	0.998
1742	0.067	0.030	0.071	0.035	-0.033	0.030	0.998
1767	0.067	0.030	0.071	0.035	-0.033	0.030	0.998
1792	0.067	0.030	0.071	0.035	-0.033	0.030	0.998
1817	0.067	0.030	0.071	0.035	-0.033	0.030	0.998
1842	0.067	0.030	0.071	0.035	-0.033	0.030	0.998
1866	0.067	0.030	0.071	0.035	-0.033	0.030	0.998
1892	0.067	0.030	0.071	0.035	-0.033	0.030	0.998
1916	0.067	0.030	0.071	0.035	-0.033	0.030	0.998
1942	0.067	0.030	0.071	0.035	-0.033	0.030	0.998
1966	0.067	0.030	0.071	0.035	-0.033	0.030	0.998
1992	0.067	0.030	0.071	0.035	-0.033	0.030	0.998
2017	0.067	0.030	0.071	0.035	-0.033	0.030	0.998
2041	0.067	0.030	0.071	0.035	-0.033	0.030	0.998
2067	0.067	0.030	0.071	0.035	-0.033	0.030	0.998
2092	0.067	0.030	0.071	0.035	-0.033	0.030	0.998
2118	0.067	0.030	0.071	0.035	-0.033	0.030	0.998
2143	0.067	0.030	0.071	0.035	-0.033	0.030	0.998
2169	0.067	0.030	0.071	0.035	-0.033	0.030	0.998
2194	0.067	0.030	0.071	0.035	-0.033	0.030	0.998
2219	0.068	0.030	0.071	0.038	-0.033	0.030	0.998
2245	0.068	0.030	0.071	0.038	-0.033	0.029	0.998
2269	0.068	0.030	0.071	0.038	-0.033	0.029	0.998
2295	0.068	0.030	0.071	0.037	-0.033	0.030	0.998
2320	0.068	0.030	0.071	0.037	-0.033	0.030	0.998
2346	0.068	0.030	0.071	0.037	-0.033	0.029	0.998
2370	0.068	0.030	0.071	0.038	-0.033	0.029	0.998
2394	0.068	0.030	0.071	0.038	-0.033	0.030	0.998
2419	0.068	0.030	0.071	0.037	-0.033	0.030	0.998
2444	0.068	0.030	0.072	0.039	-0.033	0.030	0.998
2470	0.068	0.030	0.072	0.038	-0.034	0.030	0.998
2495	0.068	0.030	0.071	0.037	-0.034	0.030	0.998
2521	0.068	0.030	0.071	0.037	-0.034	0.030	0.998
2546	0.068	0.030	0.072	0.039	-0.036	0.029	0.998
2571	0.067	0.029	0.073	0.045	-0.048	0.026	0.998
2597	0.066	0.028	0.075	0.056	-0.063	0.021	0.996
2621	0.067	0.027	0.077	0.065	-0.077	0.016	0.995
2647	0.068	0.027	0.079	0.074	-0.091	0.009	0.993
2672	0.070	0.027	0.079	0.082	-0.096	0.002	0.992
2698	0.072	0.028	0.080	0.088	-0.099	-0.000	0.991
2722	0.073	0.031	0.081	0.086	-0.107	0.004	0.991
2748	0.073	0.033	0.082	0.083	-0.119	0.010	0.989
2772	0.074	0.033	0.083	0.089	-0.128	0.009	0.988
2797	0.075	0.034	0.083	0.088	-0.138	0.013	0.986
2823	0.075	0.035	0.084	0.088	-0.150	0.019	0.985
2847	0.076	0.036	0.085	0.089	-0.163	0.023	0.982
2873	0.077	0.037	0.085	0.086	-0.173	0.025	0.981
2898	0.078	0.037	0.085	0.081	-0.179	0.026	0.980
2924	0.080	0.037	0.085	0.081	-0.183	0.023	0.980
2950	0.082	0.037	0.085	0.077	-0.188	0.023	0.979
2976	0.083	0.037	0.085	0.078	-0.194	0.022	0.978
3001	0.084	0.036	0.085	0.081	-0.201	0.022	0.976
3026	0.084	0.036	0.085	0.083	-0.211	0.023	0.974
3053	0.085	0.036	0.086	0.085	-0.219	0.023	0.972
3077	0.086	0.036	0.087	0.090	-0.229	0.025	0.969
3103	0.087	0.036	0.088	0.090	-0.240	0.025	0.966
3130	0.087	0.036	0.088	0.086	-0.255	0.021	0.963
3153	0.088	0.036	0.089	0.088	-0.263	0.023	0.961
3179	0.090	0.037	0.089	0.089	-0.272	0.025	0.958
3204	0.091	0.037	0.090	0.090	-0.279	0.027	0.956
3228	0.092	0.037	0.090	0.091	-0.288	0.026	0.953
3254	0.093	0.037	0.091	0.090	-0.296	0.027	0.950
3281	0.095	0.037	0.091	0.086	-0.306	0.025	0.948
3304	0.096	0.037	0.092	0.088	-0.309	0.027	0.947
3329	0.099	0.037	0.092	0.089	-0.305	0.027	0.948
3355	0.102	0.037	0.092	0.089	-0.299	0.026	0.950
3380	0.103	0.037	0.092	0.089	-0.297	0.026	0.950
3405	0.104	0.038	0.092	0.089	-0.296	0.026	0.951
3430	0.104	0.038	0.092	0.089	-0.296	0.026	0.951
3455	0.104	0.038	0.092	0.089	-0.296	0.026	0.951
3481	0.105	0.038	0.092	0.088	-0.297	0.025	0.951
3505	0.105	0.038	0.092	0.088	-0.297	0.025	0.951
3530	0.105	0.038	0.092	0.088	-0.297	0.025	0.951
3556	0.105	0.038	0.092	0.088	-0.297	0.025	0.951
3581	0.105	0.037	0.092	0.088	-0.297	0.025	0.951
3606	0.105	0.038	0.092	0.088	-0.297	0.025	0.951
3632	0.105	0.038	0.092	0.088	-0.297	0.025	0.950
3656	0.105	0.037	0.092	0.088	-0.297	0.025	0.950
3681	0.105	0.038	0.092	0.088	-0.297	0.025	0.950
3706	0.105	0.038	0.092	0.088	-0.297	0.025	0.950
3731	0.105	0.037	0.092	0.088	-0.297	0.025	0.950
3757	0.105	0.037	0.092	0.088	-0.297	0.025	0.950
3783	0.105	0.037	0.092	0.088	-0.297	0.025	0.950
3809	0.105	0.037	0.092	0.088	-0.297	0.025	0.950
3835	0.105	0.037	0.092	0.088	-0.297	0.024	0.950
3860	0.105	0.037	0.092	0.088	-0.297	0.024	0.950
3886	0.105	0.037	0.092	0.088	-0.297	0.024	0.950
3910	0.105	0.037	0.092	0.088	-0.297	0.024	0.950
3935	0.105	0.037	0.092	0.088	-0.297	0.024	0.950
3960	0.105	0.037	0.092	0.088	-0.297	0.024	0.950
3986	0.105	0.037	0.092	0.088	-0.297	0.024	0.950
4012	0.105	0.037	0.092	0.088	-0.297	0.024	0.950
4036	0.105	0.037	0.092	0.088	-0.297	0.024	0.951
4062	0.105	0.037	0.092	0.088	-0.297	0.024	0.951
4088	0.105	0.037	0.092	0.088	-0.297	0.024	0.951
4113	0.105	0.037	0.092	0.088	-0.297	0.024	0.950
4138	0.105	0.037	0.092	0.088	-0.297	0.024	0.950
4164	0.105	0.037	0.092	0.088	-0.297	0.024	0.950
4188	0.105	0.037	0.092	0.088	-0.297	0.024	0.951
4214	0.105	0.037	0.092	0.088	-0.297	0.024	0.950
4238	0.105	0.037	0.092	0.088	-0.297	0.024	0.950
4264	0.105	0.037	0.092	0.088	-0.297	0.024	0.950
4290	0.105	0.037	0.092	0.088	-0.297	0.024	0.950
4315	0.105	0.037	0.092	0.088	-0.297	0.024	0.9