23	0.067	0.024	0.065	-0.001	0.000	0.001	1.000
28	0.067	0.024	0.065	-0.001	0.000	0.001	1.000
31	0.067	0.024	0.065	-0.001	0.000	0.001	1.000
36	0.067	0.024	0.065	-0.001	0.000	0.001	1.000
40	0.067	0.024	0.065	-0.001	0.000	0.001	1.000
44	0.067	0.024	0.065	-0.001	0.000	0.001	1.000
48	0.067	0.024	0.065	-0.001	0.000	0.001	1.000
52	0.067	0.024	0.065	-0.001	0.000	0.001	1.000
55	0.067	0.024	0.065	-0.001	0.000	0.001	1.000
58	0.067	0.024	0.065	-0.001	0.000	0.001	1.000
61	0.067	0.024	0.065	-0.001	0.000	0.001	1.000
65	0.067	0.024	0.065	-0.001	0.000	0.001	1.000
68	0.067	0.024	0.065	-0.001	0.000	0.001	1.000
71	0.067	0.024	0.065	-0.001	0.000	0.001	1.000
74	0.067	0.024	0.065	-0.001	0.000	0.001	1.000
77	0.067	0.024	0.065	-0.001	0.000	0.001	1.000
79	0.067	0.024	0.065	-0.001	0.000	0.001	1.000
82	0.067	0.024	0.065	-0.001	0.000	0.001	1.000
85	0.067	0.024	0.065	-0.001	0.000	0.001	1.000
88	0.067	0.024	0.065	-0.001	0.000	0.001	1.000
90	0.067	0.024	0.065	-0.001	0.000	0.001	1.000
92	0.067	0.024	0.065	-0.001	0.000	0.001	1.000
95	0.067	0.024	0.065	-0.001	0.000	0.001	1.000
98	0.067	0.024	0.065	-0.001	0.000	0.001	1.000
100	0.067	0.024	0.065	-0.001	0.000	0.001	1.000
102	0.067	0.024	0.065	-0.001	0.000	0.001	1.000
105	0.067	0.024	0.065	-0.001	0.000	0.001	1.000
109	0.067	0.024	0.065	-0.001	0.000	0.001	1.000
111	0.067	0.024	0.065	-0.001	0.000	0.001	1.000
113	0.067	0.024	0.065	-0.001	0.000	0.001	1.000
116	0.067	0.024	0.065	-0.001	0.000	0.001	1.000
118	0.067	0.024	0.065	-0.001	0.000	0.001	1.000
120	0.067	0.024	0.065	-0.001	0.000	0.001	1.000
122	0.067	0.024	0.065	-0.001	0.000	0.001	1.000
124	0.067	0.024	0.065	-0.001	0.000	0.001	1.000
126	0.067	0.024	0.065	-0.001	0.000	0.001	1.000
128	0.067	0.024	0.065	-0.001	0.000	0.001	1.000
131	0.067	0.024	0.065	-0.001	0.000	0.001	1.000
133	0.067	0.024	0.065	-0.001	0.000	0.001	1.000
135	0.067	0.024	0.065	-0.001	0.000	0.001	1.000
136	0.067	0.024	0.065	-0.001	0.000	0.001	1.000
138	0.067	0.024	0.065	-0.001	0.000	0.001	1.000
140	0.067	0.024	0.065	-0.001	0.000	0.001	1.000
142	0.067	0.024	0.065	-0.001	0.000	0.001	1.000
144	0.067	0.024	0.065	-0.001	0.000	0.001	1.000
148	0.067	0.024	0.065	-0.000	0.000	0.001	1.000
151	0.067	0.024	0.065	-0.000	0.000	0.001	1.000
153	0.067	0.024	0.065	-0.000	0.000	0.001	1.000
155	0.067	0.024	0.065	-0.000	0.000	0.001	1.000
157	0.067	0.024	0.065	-0.000	0.000	0.001	1.000
159	0.067	0.024	0.065	-0.000	0.000	0.001	1.000
161	0.067	0.024	0.065	-0.000	0.000	0.001	1.000
163	0.067	0.024	0.065	-0.001	0.000	0.001	1.000
167	0.067	0.024	0.065	-0.000	0.000	0.001	1.000
169	0.067	0.024	0.065	-0.000	0.000	0.001	1.000
171	0.067	0.024	0.065	-0.000	0.000	0.001	1.000
174	0.067	0.024	0.065	-0.000	0.000	0.001	1.000
176	0.067	0.024	0.065	-0.000	0.000	0.001	1.000
178	0.067	0.024	0.065	-0.000	0.000	0.001	1.000
181	0.067	0.024	0.065	-0.000	0.000	0.001	1.000
184	0.067	0.024	0.065	-0.000	0.000	0.001	1.000
187	0.067	0.024	0.065	-0.000	0.000	0.001	1.000
189	0.067	0.024	0.065	-0.000	0.000	0.001	1.000
191	0.067	0.024	0.065	-0.000	0.000	0.001	1.000
193	0.067	0.024	0.065	-0.000	0.000	0.001	1.000
195	0.067	0.024	0.065	-0.000	0.000	0.001	1.000
197	0.067	0.024	0.065	-0.000	0.000	0.001	1.000
199	0.067	0.024	0.065	-0.000	0.000	0.001	1.000
201	0.067	0.024	0.065	-0.000	0.000	0.001	1.000
203	0.067	0.024	0.065	-0.000	0.000	0.001	1.000
205	0.067	0.024	0.065	-0.000	0.000	0.001	1.000
206	0.067	0.024	0.065	-0.000	0.000	0.001	1.000
209	0.067	0.024	0.065	-0.000	0.000	0.001	1.000
211	0.067	0.024	0.065	-0.000	0.000	0.001	1.000
213	0.067	0.024	0.065	-0.000	0.000	0.001	1.000
215	0.067	0.024	0.065	-0.000	0.000	0.001	1.000
217	0.067	0.024	0.065	-0.000	0.000	0.001	1.000
219	0.067	0.024	0.065	-0.000	0.000	0.001	1.000
221	0.067	0.024	0.065	-0.000	0.000	0.001	1.000
223	0.067	0.024	0.065	-0.000	0.000	0.001	1.000
225	0.067	0.024	0.065	-0.000	0.000	0.001	1.000
226	0.067	0.024	0.065	-0.000	0.000	0.001	1.000
228	0.067	0.024	0.065	-0.000	0.000	0.001	1.000
229	0.067	0.024	0.065	-0.000	0.000	0.001	1.000
231	0.067	0.024	0.065	-0.000	0.000	0.001	1.000
233	0.067	0.024	0.065	-0.000	0.000	0.001	1.000
234	0.067	0.024	0.065	-0.000	0.000	0.001	1.000
237	0.067	0.024	0.065	-0.000	0.000	0.001	1.000
239	0.067	0.024	0.065	-0.000	0.000	0.001	1.000
241	0.067	0.024	0.065	-0.000	0.000	0.001	1.000
242	0.067	0.024	0.065	-0.000	0.000	0.001	1.000
244	0.067	0.024	0.065	-0.000	0.000	0.001	1.000
246	0.067	0.024	0.065	-0.000	0.000	0.001	1.000
249	0.067	0.024	0.065	-0.000	0.000	0.001	1.000
251	0.067	0.024	0.065	-0.000	0.000	0.001	1.000
252	0.067	0.024	0.065	-0.000	0.000	0.001	1.000
254	0.067	0.024	0.065	-0.000	0.000	0.001	1.000
256	0.067	0.024	0.065	-0.000	0.000	0.001	1.000
257	0.067	0.024	0.065	-0.000	0.000	0.001	1.000
259	0.067	0.024	0.065	-0.000	0.000	0.001	1.000
260	0.067	0.024	0.065	-0.000	0.000	0.001	1.000
262	0.067	0.024	0.065	-0.000	0.000	0.001	1.000
264	0.067	0.024	0.065	-0.000	0.000	0.001	1.000
266	0.067	0.024	0.065	-0.000	0.000	0.001	1.000
267	0.067	0.024	0.065	-0.000	0.000	0.001	1.000
269	0.067	0.024	0.065	-0.000	0.000	0.001	1.000
270	0.067	0.024	0.065	-0.000	0.000	0.001	1.000
272	0.067	0.024	0.065	-0.000	0.000	0.001	1.000
274	0.067	0.024	0.065	-0.000	0.000	0.001	1.000
275	0.067	0.024	0.065	-0.000	0.000	0.001	1.000
277	0.067	0.024	0.065	-0.000	0.000	0.001	1.000
279	0.067	0.024	0.065	-0.000	0.000	0.001	1.000
280	0.067	0.024	0.065	-0.000	0.000	0.001	1.000
282	0.067	0.024	0.065	-0.000	0.000	0.001	1.000
284	0.067	0.024	0.065	-0.000	0.000	0.001	1.000
285	0.067	0.024	0.065	-0.000	0.000	0.001	1.000
287	0.067	0.024	0.065	-0.000	0.000	0.001	1.000
288	0.067	0.024	0.065	-0.000	0.000	0.001	1.000
290	0.067	0.024	0.065	-0.000	0.000	0.001	1.000
291	0.067	0.024	0.065	-0.000	0.000	0.001	1.000
293	0.067	0.024	0.065	-0.000	0.000	0.001	1.000
296	0.067	0.024	0.065	-0.000	0.000	0.001	1.000
297	0.067	0.024	0.065	-0.000	0.000	0.001	1.000
299	0.067	0.024	0.065	-0.000	0.000	0.001	1.000
302	0.067	0.024	0.065	-0.000	0.000	0.001	1.000
305	0.067	0.024	0.065	-0.000	0.000	0.001	1.000
307	0.067	0.024	0.065	-0.000	0.000	0.001	1.000
308	0.067	0.024	0.065	-0.000	0.000	0.001	1.000
310	0.067	0.024	0.065	-0.000	0.000	0.001	1.000
312	0.067	0.024	0.065	-0.000	0.000	0.001	1.000
314	0.067	0.024	0.065	-0.000	0.000	0.001	1.000
315	0.067	0.024	0.065	-0.000	0.000	0.001	1.000
317	0.067	0.024	0.065	-0.000	0.000	0.001	1.000
319	0.067	0.024	0.065	-0.000	0.000	0.001	1.000
320	0.067	0.024	0.065	-0.000	0.000	0.001	1.000
322	0.067	0.024	0.065	-0.000	0.000	0.001	1.000
323	0.067	0.024	0.065	-0.000	0.000	0.001	1.000
325	0.067	0.024	0.065	-0.000	0.000	0.001	1.000
326	0.067	0.024	0.065	-0.000	0.000	0.001	1.000
328	0.067	0.024	0.065	-0.000	0.000	0.001	1.000
329	0.067	0.024	0.065	-0.000	0.000	0.001	1.000
331	0.067	0.024	0.065	-0.000	0.000	0.001	1.000
332	0.067	0.024	0.065	-0.000	0.000	0.001	1.000
334	0.067	0.024	0.065	-0.000	0.000	0.001	1.000
336	0.067	0.024	0.065	-0.000	0.000	0.001	1.000
337	0.067	0.024	0.065	-0.000	0.000	0.001	1.000
339	0.067	0.024	0.065	-0.000	0.000	0.001	1.000
340	0.067	0.024	0.065	-0.000	0.000	0.001	1.000
342	0.067	0.024	0.065	-0.000	0.000	0.001	1.000
343	0.067	0.024	0.065	-0.000	0.000	0.001	1.000
345	0.067	0.024	0.065	-0.000	0.000	0.001	1.000
347	0.067	0.024	0.065	-0.000	0.000	0.001	1.000
348	0.067	0.024	0.065	-0.000	0.000	0.001	1.000
350	0.067	0.024	0.065	-0.000	0.000	0.001	1.000
352	0.067	0.024	0.065	-0.000	0.000	0.001	1.000
353	0.067	0.024	0.065	-0.000	0.000	0.001	1.000
355	0.067	0.024	0.065	-0.000	0.000	0.001	1.000
356	0.067	0.024	0.065	-0.000	0.000	0.001	1.000
358	0.067	0.024	0.065	-0.000	0.000	0.001	1.000
360	0.067	0.024	0.065	-0.000	0.000	0.001	1.000
361	0.067	0.024	0.065	-0.000	0.000	0.001	1.000
363	0.067	0.024	0.065	-0.000	0.000	0.001	1.000
364	0.067	0.024	0.065	-0.000	0.000	0.001	1.000
366	0.067	0.024	0.065	-0.000	0.000	0.001	1.000
368	0.067	0.024	0.065	-0.000	0.000	0.001	1.000
369	0.067	0.024	0.065	-0.000	0.000	0.001	1.000
371	0.067	0.024	0.065	-0.000	0.000	0.001	1.000
372	0.067	0.024	0.065	-0.000	0.000	0.001	1.000
374	0.067	0.024	0.065	-0.000	0.000	0.001	1.000
375	0.067	0.024	0.065	-0.000	0.000	0.001	1.000
377	0.067	0.024	0.065	-0.000	0.000	0.001	1.000
378	0.067	0.024	0.065	-0.000	0.000	0.001	1.000
380	0.067	0.024	0.065	-0.000	0.000	0.001	1.000
381	0.067	0.024	0.065	-0.000	0.000	0.001	1.000
383	0.067	0.024	0.065	-0.000	0.000	0.001	1.000
385	0.067	0.024	0.065	-0.000	0.000	0.001	1.000
386	0.067	0.024	0.065	-0.000	0.000	0.001	1.000
388	0.067	0.024	0.065	-0.000	0.000	0.001	1.000
389	0.067	0.024	0.065	-0.000	0.000	0.001	1.000
391	0.067	0.024	0.065	-0.000	0.000	0.001	1.000
392	0.067	0.024	0.065	-0.000	0.000	0.001	1.000
394	0.067	0.024	0.065	-0.000	0.000	0.001	1.000
395	0.067	0.024	0.065	-0.000	0.000	0.001	1.000
397	0.067	0.024	0.065	-0.000	0.000	0.001	1.000
398	0.067	0.024	0.065	-0.000	0.000	0.001	1.000
400	0.067	0.024	0.065	-0.000	0.000	0.001	1.000
401	0.067	0.024	0.065	-0.000	0.000	0.001	1.000
403	0.067	0.024	0.065	-0.000	0.000	0.001	1.000
404	0.067	0.024	0.065	-0.000	0.000	0.001	1.000
406	0.067	0.024	0.065	-0.000	0.000	0.001	1.000
407	0.067	0.024	0.065	-0.000	0.000	0.001	1.000
409	0.067	0.024	0.065	-0.000	0.000	0.001	1.000
411	0.067	0.024	0.065	-0.000	0.000	0.001	1.000
413	0.067	0.024	0.065	-0.000	0.000	0.001	1.000
414	0.067	0.024	0.065	-0.000	0.000	0.001	1.000
416	0.067	0.024	0.065	-0.000	0.000	0.001	1.000
417	0.067	0.024	0.065	-0.000	0.000	0.001	1.000
419	0.067	0.024	0.065	-0.000	0.000	0.001	1.000
420	0.067	0.024	0.065	-0.000	0.000	0.001	1.000
422	0.067	0.024	0.065	-0.000	0.000	0.001	1.000
424	0.067	0.024	0.065	-0.000	0.000	0.001	1.000
425	0.067	0.024	0.065	-0.000	0.000	0.001	1.000
427	0.067	0.024	0.065	-0.000	0.000	0.001	1.000
428	0.067	0.024	0.065	-0.000	0.000	0.001	1.000
430	0.067	0.024	0.065	-0.000	0.000	0.001	1.000
431	0.067	0.024	0.065	-0.000	0.000	0.001	1.000
433	0.067	0.024	0.065	-0.000	0.000	0.001	1.000
435	0.067	0.024	0.065	-0.000	0.000	0.001	1.000
436	0.067	0.024	0.065	-0.000	0.000	0.001	1.000
438	0.067	0.024	0.065	-0.000	0.000	0.001	1.000
440	0.067	0.024	0.065	-0.000	0.000	0.001	1.000
441	0.067	0.024	0.065	-0.000	0.000	0.001	1.000
443	0.067	0.024	0.065	-0.000	0.000	0.001	1.000
444	0.067	0.024	0.065	-0.000	0.000	0.001	1.000
446	0.067	0.024	0.065	-0.000	0.000	0.001	1.000
447	0.067	0.024	0.065	-0.000	0.000	0.001	1.000
449	0.067	0.024	0.065	-0.000	0.000	0.001	1.000
451	0.067	0.024	0.065	-0.000	0.000	0.001	1.000
455	0.067	0.024	0.065	-0.000	0.000	0.001	1.000
456	0.067	0.024	0.065	-0.000	0.000	0.001	1.000
458	0.067	0.024	0.065	-0.000	0.000	0.001	1.000
459	0.067	0.024	0.065	-0.000	0.000	0.001	1.000
461	0.067	0.024	0.065	-0.000	0.000	0.001	1.000
462	0.067	0.024	0.065	-0.000	0.000	0.001	1.000
464	0.067	0.024	0.065	-0.000	0.000	0.001	1.000
466	0.067	0.024	0.065	-0.000	0.000	0.001	1.000
467	0.067	0.024	0.065	-0.000	0.000	0.001	1.000
469	0.067	0.024	0.065	-0.000	0.000	0.001	1.000
470	0.067	0.024	0.065	-0.000	0.000	0.001	1.000
472	0.067	0.024	0.065	-0.000	0.000	0.001	1.000
473	0.067	0.024	0.065	-0.000	0.000	0.001	1.000
475	0.067	0.024	0.065	-0.000	0.000	0.001	1.000
476	0.067	0.024	0.065	-0.000	0.000	0.001	1.000
478	0.067	0.024	0.065	-0.000	0.000	0.001	1.000
479	0.067	0.024	0.065	-0.000	0.000	0.001	1.000
481	0.067	0.024	0.065	-0.000	0.000	0.001	1.000
482	0.067	0.024	0.065	-0.000	0.000	0.001	1.000
484	0.067	0.024	0.065	-0.000	0.000	0.001	1.000
485	0.067	0.024	0.065	-0.000	0.000	0.001	1.000
487	0.067	0.024	0.065	-0.000	0.000	0.001	1.000
488	0.067	0.024	0.065	-0.000	0.000	0.001	1.000
490	0.067	0.024	0.065	-0.000	0.000	0.001	1.000
491	0.067	0.024	0.065	-0.000	0.000	0.001	1.000
493	0.067	0.024	0.065	-0.000	0.000	0.001	1.000
494	0.067	0.024	0.065	-0.000	0.000	0.001	1.000
496	0.067	0.024	0.065	-0.000	0.000	0.001	1.000
497	0.067	0.024	0.065	-0.000	0.000	0.001	1.000
499	0.067	0.024	0.065	-0.000	0.000	0.001	1.000
500	0.067	0.024	0.065	-0.000	0.000	0.001	1.000
502	0.067	0.024	0.065	-0.000	0.000	0.001	1.000
503	0.067	0.024	0.065	-0.000	0.000	0.001	1.000
505	0.067	0.024	0.065	-0.000	0.000	0.001	1.000
506	0.067	0.024	0.065	-0.000	0.000	0.001	1.000
508	0.067	0.024	0.065	-0.000	0.000	0.001	1.000
509	0.067	0.024	0.065	-0.000	0.000	0.001	1.000
511	0.067	0.024	0.065	-0.000	0.000	0.001	1.000
513	0.067	0.024	0.065	-0.000	0.000	0.001	1.000
514	0.067	0.024	0.065	-0.000	0.000	0.001	1.000
516	0.067	0.024	0.065	-0.000	0.000	0.001	1.000
517	0.067	0.024	0.065	-0.000	0.000	0.001	1.000
519	0.067	0.024	0.065	-0.000	0.000	0.001	1.000
520	0.067	0.024	0.065	-0.000	0.000	0.001	1.000
522	0.067	0.024	0.065	-0.000	0.000	0.001	1.000
523	0.067	0.024	0.065	-0.000	0.000	0.001	1.000
524	0.067	0.024	0.065	-0.000	0.000	0.001	1.000
526	0.067	0.024	0.065	-0.000	0.000	0.001	1.000
527	0.067	0.024	0.065	-0.000	0.000	0.001	1.000
529	0.067	0.024	0.065	-0.000	0.000	0.001	1.000
530	0.067	0.024	0.065	-0.000	0.000	0.001	1.000
532	0.067	0.024	0.065	-0.000	0.000	0.001	1.000
533	0.067	0.024	0.065	-0.000	0.000	0.001	1.000
535	0.067	0.024	0.065	-0.000	0.000	0.001	1.000
536	0.067	0.024	0.065	-0.000	0.000	0.001	1.000
538	0.067	0.024	0.065	-0.000	0.000	0.001	1.000
539	0.067	0.024	0.065	-0.000	0.000	0.001	1.000
541	0.067	0.024	0.065	-0.000	0.000	0.001	1.000
542	0.067	0.024	0.065	-0.000	0.000	0.001	1.000
543	0.067	0.024	0.065	-0.000	0.000	0.001	1.000
545	0.067	0.024	0.065	-0.000	0.000	0.001	1.000
546	0.067	0.024	0.065	-0.000	0.000	0.001	1.000
548	0.067	0.024	0.065	-0.000	0.000	0.001	1.000
549	0.067	0.024	0.065	-0.000	0.000	0.001	1.000
550	0.067	0.024	0.065	-0.000	0.000	0.001	1.000
552	0.067	0.024	0.065	-0.000	0.000	0.001	1.000
554	0.067	0.024	0.065	-0.000	0.000	0.001	1.000
555	0.067	0.024	0.065	-0.000	0.000	0.001	1.000
557	0.067	0.024	0.065	-0.000	0.000	0.001	1.000
558	0.067	0.024	0.065	-0.000	0.000	0.001	1.000
560	0.067	0.024	0.065	-0.000	0.000	0.001	1.000
561	0.067	0.024	0.065	-0.000	0.000	0.001	1.000
563	0.067	0.024	0.065	-0.000	0.000	0.001	1.000
564	0.067	0.024	0.065	-0.000	0.000	0.001	1.000
566	0.067	0.024	0.065	-0.000	0.000	0.001	1.000
567	0.067	0.024	0.065	-0.000	0.000	0.001	1.000
569	0.067	0.024	0.065	-0.000	0.000	0.001	1.000
570	0.067	0.024	0.065	-0.000	0.000	0.001	1.000
571	0.067	0.024	0.065	-0.000	0.000	0.001	1.000
573	0.067	0.024	0.065	-0.000	0.000	0.001	1.000
574	0.067	0.024	0.065	-0.000	0.000	0.001	1.000
576	0.067	0.024	0.065	-0.000	0.000	0.001	1.000
577	0.067	0.024	0.065	-0.000	0.000	0.001	1.000
579	0.067	0.024	0.065	-0.000	0.000	0.001	1.000
580	0.067	0.024	0.065	-0.000	0.000	0.001	1.000
582	0.067	0.024	0.065	-0.000	0.000	0.001	1.000
583	0.067	0.024	0.065	-0.000	0.000	0.001	1.000
584	0.067	0.024	0.065	-0.000	0.000	0.001	1.000
586	0.067	0.024	0.065	-0.000	0.000	0.001	1.000
588	0.067	0.024	0.065	-0.000	0.000	0.001	1.000
589	0.067	0.024	0.065	-0.000	0.000	0.001	1.000
591	0.067	0.024	0.065	-0.000	0.000	0.001	1.000
592	0.067	0.024	0.065	-0.000	0.000	0.001	1.000
594	0.067	0.024	0.065	-0.000	0.000	0.001	1.000
595	0.067	0.024	0.065	-0.000	0.000	0.001	1.000
597	0.067	0.024	0.065	-0.000	0.000	0.001	1.000
598	0.067	0.024	0.065	-0.000	0.000	0.001	1.000
599	0.067	0.024	0.065	-0.000	0.000	0.001	1.000
601	0.067	0.024	0.065	-0.000	0.000	0.001	1.000
602	0.067	0.024	0.065	-0.000	0.000	0.001	1.000
604	0.067	0.024	0.065	-0.000	0.000	0.001	1.000
605	0.067	0.024	0.065	-0.000	0.000	0.001	1.000
607	0.067	0.024	0.065	-0.000	0.000	0.001	1.000
608	0.067	0.024	0.065	-0.000	0.000	0.001	1.000
610	0.067	0.024	0.065	-0.000	0.000	0.001	1.000
611	0.067	0.024	0.065	-0.000	0.000	0.001	1.000
613	0.067	0.024	0.065	-0.000	0.000	0.001	1.000
614	0.067	0.024	0.065	-0.000	0.000	0.001	1.000
616	0.067	0.024	0.065	-0.000	0.000	0.001	1.000
617	0.067	0.024	0.065	-0.000	0.000	0.001	1.000
619	0.067	0.024	0.065	-0.000	0.000	0.001	1.000
620	0.067	0.024	0.065	-0.000	0.000	0.001	1.000
622	0.067	0.024	0.065	-0.000	0.000	0.001	1.000
623	0.067	0.024	0.065	-0.000	0.000	0.001	1.000
625	0.067	0.024	0.065	-0.000	0.000	0.001	1.000
626	0.067	0.024	0.065	-0.000	0.000	0.001	1.000
628	0.067	0.024	0.065	-0.000	0.000	0.001	1.000
629	0.067	0.024	0.065	-0.000	0.000	0.001	1.000
631	0.067	0.024	0.065	-0.000	0.000	0.001	1.000
632	0.067	0.024	0.065	-0.000	0.000	0.001	1.000
634	0.067	0.024	0.065	-0.000	0.000	0.001	1.000
635	0.067	0.024	0.065	-0.000	0.000	0.001	1.000
637	0.067	0.024	0.065	-0.000	0.000	0.001	1.000
638	0.067	0.024	0.065	-0.000	0.000	0.001	1.000
640	0.067	0.024	0.065	-0.000	0.000	0.001	1.000
641	0.067	0.024	0.065	-0.000	0.000	0.001	1.000
643	0.067	0.024	0.065	-0.000	0.000	0.001	1.000
644	0.067	0.024	0.065	-0.000	0.000	0.001	1.000
645	0.067	0.024	0.065	-0.000	0.000	0.001	1.000
647	0.067	0.024	0.065	-0.000	0.000	0.001	1.000
649	0.067	0.024	0.065	-0.000	0.000	0.001	1.000
650	0.067	0.024	0.065	-0.000	0.000	0.001	1.000
652	0.067	0.024	0.065	-0.000	0.000	0.001	1.000
653	0.067	0.024	0.065	-0.000	0.000	0.001	1.000
655	0.067	0.024	0.065	-0.000	0.000	0.001	1.000
656	0.067	0.024	0.065	-0.000	0.000	0.001	1.000
658	0.067	0.024	0.065	-0.000	0.000	0.001	1.000
659	0.067	0.024	0.065	-0.000	0.000	0.001	1.000
661	0.067	0.024	0.065	-0.000	0.000	0.001	1.000
663	0.067	0.024	0.065	-0.000	0.000	0.001	1.000
664	0.067	0.024	0.065	-0.000	0.000	0.001	1.000
666	0.067	0.024	0.065	-0.000	0.000	0.001	1.000
667	0.067	0.024	0.065	-0.000	0.000	0.001	1.000
669	0.067	0.024	0.065	-0.000	0.000	0.001	1.000
670	0.067	0.024	0.065	-0.000	0.000	0.001	1.000
672	0.067	0.024	0.065	-0.000	0.000	0.001	1.000
673	0.067	0.024	0.065	-0.000	0.000	0.001	1.000
675	0.067	0.024	0.065	-0.000	0.000	0.001	1.000
676	0.067	0.024	0.065	-0.000	0.000	0.001	1.000
678	0.067	0.024	0.065	-0.000	0.000	0.001	1.000
679	0.067	0.024	0.065	-0.000	0.000	0.001	1.000
681	0.067	0.024	0.065	-0.000	0.000	0.001	1.000
682	0.067	0.024	0.065	-0.000	0.000	0.001	1.000
684	0.067	0.024	0.065	-0.000	0.000	0.001	1.000
685	0.067	0.024	0.065	-0.000	0.000	0.001	1.000
687	0.067	0.024	0.065	-0.000	0.000	0.001	1.000
688	0.067	0.024	0.065	-0.000	0.000	0.001	1.000
690	0.067	0.024	0.065	-0.000	0.000	0.001	1.000
691	0.067	0.024	0.065	-0.000	0.000	0.001	1.000
693	0.067	0.024	0.065	-0.000	0.000	0.001	1.000
694	0.067	0.024	0.065	-0.000	0.000	0.001	1.000
696	0.067	0.024	0.065	-0.000	0.000	0.001	1.000
697	0.067	0.024	0.065	-0.000	0.000	0.001	1.000
701	0.067	0.024	0.065	-0.000	0.000	0.001	1.000
704	0.067	0.024	0.065	-0.000	0.000	0.001	1.000
708	0.067	0.024	0.065	-0.000	0.000	0.001	1.000
710	0.067	0.024	0.065	-0.000	0.000	0.001	1.000
711	0.067	0.024	0.065	-0.000	0.000	0.001	1.000
713	0.067	0.024	0.065	-0.000	0.000	0.001	1.000
714	0.067	0.024	0.065	-0.000	0.000	0.001	1.000
715	0.067	0.024	0.065	-0.000	0.000	0.001	1.000
717	0.067	0.024	0.065	-0.000	0.000	0.001	1.000
720	0.067	0.024	0.065	-0.000	0.000	0.001	1.000
722	0.067	0.024	0.065	-0.000	0.000	0.001	1.000
723	0.067	0.024	0.065	-0.000	0.000	0.001	1.000
725	0.067	0.024	0.065	-0.000	0.000	0.001	1.000
726	0.067	0.024	0.065	-0.000	0.000	0.001	1.000
727	0.067	0.024	0.065	-0.000	0.000	0.001	1.000
729	0.067	0.024	0.065	-0.000	0.000	0.001	1.000
730	0.067	0.024	0.065	-0.000	0.000	0.001	1.000
732	0.067	0.024	0.065	-0.000	0.000	0.001	1.000
733	0.067	0.024	0.065	-0.000	0.000	0.001	1.000
735	0.067	0.024	0.065	-0.000	0.000	0.001	1.000
736	0.067	0.024	0.065	-0.000	0.000	0.001	1.000
738	0.067	0.024	0.065	-0.000	0.000	0.001	1.000
739	0.067	0.024	0.065	-0.000	0.000	0.001	1.000
741	0.067	0.024	0.065	-0.000	0.000	0.001	1.000
742	0.067	0.024	0.065	-0.000	0.000	0.001	1.000
743	0.067	0.024	0.065	-0.000	0.000	0.001	1.000
745	0.067	0.024	0.065	-0.000	0.000	0.001	1.000
746	0.067	0.024	0.065	-0.000	0.000	0.001	1.000
748	0.067	0.024	0.065	-0.000	0.000	0.001	1.000
749	0.067	0.024	0.065	-0.000	0.000	0.001	1.000
751	0.067	0.024	0.065	-0.000	0.000	0.001	1.000
752	0.067	0.024	0.065	-0.000	0.000	0.001	1.000
753	0.067	0.024	0.065	-0.000	0.000	0.001	1.000
755	0.067	0.024	0.065	-0.000	0.000	0.001	1.000
756	0.067	0.024	0.065	-0.000	0.000	0.001	1.000
758	0.067	0.024	0.065	-0.000	0.000	0.001	1.000
759	0.067	0.024	0.065	-0.000	0.000	0.001	1.000
761	0.067	0.024	0.065	-0.000	0.000	0.001	1.000
762	0.067	0.024	0.065	-0.000	0.000	0.001	1.000
764	0.067	0.024	0.065	-0.000	0.000	0.001	1.000
765	0.067	0.024	0.065	-0.000	0.000	0.001	1.000
767	0.067	0.024	0.065	-0.000	0.000	0.001	1.000
768	0.067	0.024	0.065	-0.000	0.000	0.001	1.000
769	0.067	0.024	0.065	-0.000	0.000	0.001	1.000
771	0.067	0.024	0.065	-0.000	0.000	0.001	1.000
772	0.067	0.024	0.065	-0.000	0.000	0.001	1.000
774	0.067	0.024	0.065	-0.000	0.000	0.001	1.000
775	0.067	0.024	0.065	-0.000	0.000	0.001	1.000
777	0.067	0.024	0.065	-0.000	0.000	0.001	1.000
778	0.067	0.024	0.065	-0.000	0.000	0.001	1.000
779	0.067	0.024	0.065	-0.000	0.000	0.001	1.000
781	0.067	0.024	0.065	-0.000	0.000	0.001	1.000
782	0.067	0.024	0.065	-0.000	0.000	0.001	1.000
783	0.067	0.024	0.065	-0.000	0.000	0.001	1.000
785	0.067	0.024	0.065	-0.000	0.000	0.001	1.000
786	0.067	0.024	0.065	-0.000	0.000	0.001	1.000
788	0.067	0.024	0.065	-0.000	0.000	0.001	1.000
789	0.067	0.024	0.065	-0.000	0.000	0.001	1.000
791	0.067	0.024	0.065	-0.000	0.000	0.001	1.000
792	0.067	0.024	0.065	-0.000	0.000	0.001	1.000
794	0.067	0.024	0.065	-0.000	0.000	0.001	1.000
795	0.067	0.024	0.065	-0.000	0.000	0.001	1.000
797	0.067	0.024	0.065	-0.000	0.000	0.001	1.000
798	0.067	0.024	0.065	-0.000	0.000	0.001	1.000
800	0.067	0.024	0.065	-0.000	0.000	0.001	1.000
801	0.067	0.024	0.065	-0.000	0.000	0.001	1.000
802	0.067	0.024	0.065	-0.000	0.000	0.001	1.000
804	0.067	0.024	0.065	-0.000	0.000	0.001	1.000
805	0.067	0.024	0.065	-0.000	0.000	0.001	1.000
807	0.067	0.024	0.065	-0.000	0.000	0.001	1.000
808	0.067	0.024	0.065	-0.000	0.000	0.001	1.000
809	0.067	0.024	0.065	-0.000	0.000	0.001	1.000
811	0.067	0.024	0.065	-0.000	0.000	0.001	1.000
812	0.067	0.024	0.065	-0.000	0.000	0.001	1.000
814	0.067	0.024	0.066	-0.000	0.000	0.001	1.000
815	0.067	0.024	0.066	-0.000	0.000	0.001	1.000
817	0.067	0.024	0.066	-0.000	0.000	0.001	1.000
818	0.067	0.024	0.066	-0.000	0.000	0.001	1.000
820	0.067	0.024	0.066	-0.000	0.000	0.001	1.000
821	0.067	0.024	0.066	-0.000	0.000	0.001	1.000
823	0.067	0.024	0.066	-0.000	0.000	0.001	1.000
824	0.067	0.024	0.066	-0.000	0.000	0.001	1.000
826	0.067	0.024	0.066	-0.000	0.000	0.001	1.000
827	0.067	0.024	0.066	-0.000	0.000	0.001	1.000
829	0.067	0.024	0.066	-0.000	0.000	0.001	1.000
830	0.067	0.024	0.066	-0.000	0.000	0.001	1.000
832	0.067	0.024	0.066	-0.000	0.000	0.001	1.000
833	0.067	0.024	0.066	-0.000	0.000	0.001	1.000
835	0.067	0.024	0.066	-0.000	0.000	0.001	1.000
836	0.067	0.024	0.066	-0.000	0.000	0.001	1.000
837	0.067	0.024	0.066	-0.000	0.000	0.001	1.000
839	0.067	0.024	0.066	-0.000	0.000	0.001	1.000
840	0.067	0.024	0.066	-0.000	0.000	0.001	1.000
842	0.067	0.024	0.066	-0.000	0.000	0.001	1.000
843	0.067	0.024	0.066	-0.000	0.000	0.001	1.000
845	0.067	0.024	0.066	-0.000	0.000	0.001	1.000
846	0.067	0.024	0.066	-0.000	0.000	0.001	1.000
848	0.067	0.024	0.066	-0.000	0.000	0.001	1.000
849	0.067	0.024	0.066	-0.000	0.000	0.001	1.000
851	0.067	0.024	0.066	-0.000	0.000	0.001	1.000
852	0.067	0.024	0.066	-0.000	0.000	0.001	1.000
853	0.067	0.024	0.066	-0.000	0.000	0.001	1.000
855	0.067	0.024	0.066	-0.000	0.000	0.001	1.000
856	0.067	0.024	0.066	-0.000	0.000	0.001	1.000
858	0.067	0.024	0.066	-0.000	0.000	0.001	1.000
859	0.067	0.024	0.066	-0.000	0.000	0.001	1.000
860	0.067	0.024	0.066	-0.000	0.000	0.001	1.000
862	0.067	0.024	0.066	-0.000	0.000	0.001	1.000
863	0.067	0.024	0.066	-0.000	0.000	0.001	1.000
865	0.067	0.024	0.066	-0.000	0.000	0.001	1.000
866	0.067	0.024	0.066	-0.000	0.000	0.001	1.000
868	0.067	0.024	0.066	-0.000	0.000	0.001	1.000
869	0.067	0.024	0.066	-0.000	0.000	0.001	1.000
871	0.067	0.024	0.066	-0.000	0.000	0.001	1.000
872	0.067	0.024	0.066	-0.000	0.000	0.001	1.000
873	0.067	0.024	0.066	-0.000	0.000	0.001	1.000
875	0.067	0.024	0.066	-0.000	0.000	0.001	1.000
876	0.067	0.024	0.066	-0.000	0.000	0.001	1.000
878	0.067	0.024	0.066	-0.000	0.000	0.001	1.000
879	0.067	0.024	0.066	-0.000	0.000	0.001	1.000
881	0.067	0.024	0.066	-0.000	0.000	0.001	1.000
882	0.067	0.024	0.066	-0.000	0.000	0.001	1.000
884	0.067	0.024	0.066	-0.000	0.000	0.001	1.000
885	0.067	0.024	0.066	-0.000	0.000	0.001	1.000
887	0.067	0.024	0.066	-0.000	0.000	0.001	1.000
888	0.067	0.024	0.066	-0.000	0.000	0.001	1.000
890	0.067	0.024	0.066	-0.000	0.000	0.001	1.000
891	0.067	0.024	0.066	-0.000	0.000	0.001	1.000
892	0.067	0.024	0.066	-0.000	0.000	0.001	1.000
894	0.067	0.024	0.066	-0.000	0.000	0.001	1.000
895	0.067	0.024	0.066	-0.000	0.000	0.001	1.000
897	0.067	0.024	0.066	-0.000	0.000	0.001	1.000
898	0.067	0.024	0.066	-0.000	0.000	0.001	1.000
899	0.067	0.024	0.066	-0.000	0.000	0.001	1.000
900	0.067	0.024	0.066	-0.000	0.000	0.001	1.000
902	0.067	0.024	0.066	-0.000	0.000	0.001	1.000
903	0.067	0.024	0.066	-0.000	0.000	0.001	1.000
905	0.067	0.024	0.066	-0.000	0.000	0.001	1.000
906	0.067	0.024	0.066	-0.000	0.000	0.001	1.000
908	0.067	0.024	0.066	-0.000	0.000	0.001	1.000
909	0.067	0.024	0.066	-0.000	0.000	0.001	1.000
911	0.067	0.024	0.066	-0.000	0.000	0.001	1.000
912	0.067	0.024	0.066	-0.000	0.000	0.001	1.000
913	0.067	0.024	0.066	-0.000	0.000	0.001	1.000
915	0.067	0.024	0.066	-0.000	0.000	0.001	1.000
916	0.067	0.024	0.066	-0.000	0.000	0.001	1.000
918	0.067	0.024	0.066	-0.000	0.000	0.001	1.000
919	0.067	0.024	0.066	-0.000	0.000	0.001	1.000
921	0.067	0.024	0.066	-0.000	0.000	0.001	1.000
922	0.067	0.024	0.066	-0.000	0.000	0.001	1.000
923	0.067	0.024	0.066	-0.000	0.000	0.001	1.000
925	0.067	0.024	0.066	-0.000	0.000	0.001	1.000
926	0.067	0.024	0.066	-0.000	0.000	0.001	1.000
928	0.067	0.024	0.066	-0.000	0.000	0.001	1.000
929	0.067	0.024	0.066	-0.000	0.000	0.001	1.000
931	0.067	0.024	0.066	-0.000	0.000	0.001	1.000
932	0.067	0.024	0.066	-0.000	0.000	0.001	1.000
933	0.067	0.024	0.066	-0.000	0.000	0.001	1.000
935	0.067	0.024	0.066	-0.000	0.000	0.001	1.000
936	0.067	0.024	0.066	-0.000	0.000	0.001	1.000
938	0.067	0.024	0.066	-0.000	0.000	0.001	1.000
939	0.067	0.024	0.066	-0.000	0.000	0.001	1.000
941	0.067	0.024	0.066	-0.000	0.000	0.001	1.000
942	0.067	0.024	0.066	-0.000	0.000	0.001	1.000
943	0.067	0.024	0.066	-0.000	0.000	0.001	1.000
945	0.067	0.024	0.066	-0.000	0.000	0.001	1.000
946	0.067	0.024	0.066	-0.000	0.000	0.001	1.000
948	0.067	0.024	0.066	-0.000	0.000	0.001	1.000
949	0.067	0.024	0.066	-0.000	0.000	0.001	1.000
951	0.067	0.024	0.066	-0.000	0.000	0.001	1.000
952	0.067	0.024	0.066	-0.000	0.000	0.001	1.000
954	0.067	0.024	0.066	-0.000	0.000	0.001	1.000
955	0.067	0.024	0.066	-0.000	0.000	0.001	1.000
956	0.067	0.024	0.066	-0.000	0.000	0.001	1.000
958	0.067	0.024	0.066	-0.000	0.000	0.001	1.000
959	0.067	0.024	0.066	-0.000	0.000	0.001	1.000
961	0.067	0.024	0.066	-0.000	0.000	0.001	1.000
962	0.067	0.024	0.066	-0.000	0.000	0.001	1.000
963	0.067	0.024	0.066	-0.000	0.000	0.001	1.000
965	0.067	0.024	0.066	-0.000	0.000	0.001	1.000
966	0.067	0.024	0.066	-0.000	0.000	0.001	1.000
968	0.067	0.024	0.066	-0.000	0.000	0.001	1.000
969	0.067	0.024	0.066	-0.000	0.000	0.001	1.000
970	0.067	0.024	0.066	-0.000	0.000	0.001	1.000
972	0.067	0.024	0.066	-0.000	0.000	0.001	1.000
975	0.067	0.024	0.066	-0.000	0.000	0.001	1.000
977	0.067	0.024	0.066	-0.000	0.000	0.001	1.000
978	0.067	0.024	0.066	-0.000	0.000	0.001	1.000
980	0.067	0.024	0.066	-0.000	0.000	0.001	1.000
982	0.067	0.024	0.066	-0.000	0.000	0.001	1.000
983	0.067	0.024	0.066	-0.000	0.000	0.001	1.000
984	0.067	0.024	0.066	-0.000	0.000	0.001	1.000
986	0.067	0.024	0.066	-0.000	0.000	0.001	1.000
987	0.067	0.024	0.066	-0.000	0.000	0.001	1.000
988	0.067	0.024	0.066	-0.000	0.000	0.001	1.000
989	0.067	0.024	0.066	-0.000	0.000	0.001	1.000
991	0.067	0.024	0.066	-0.000	0.000	0.001	1.000
992	0.067	0.024	0.066	-0.000	0.000	0.001	1.000
994	0.067	0.024	0.066	-0.000	0.000	0.001	1.000
995	0.067	0.024	0.066	-0.000	0.000	0.001	1.000
997	0.067	0.024	0.066	-0.000	0.000	0.001	1.000
998	0.067	0.024	0.066	-0.000	0.000	0.001	1.000
1000	0.067	0.024	0.066	-0.000	0.000	0.001	1.000
1001	0.067	0.024	0.066	-0.000	0.000	0.001	1.000
1002	0.067	0.024	0.066	-0.000	0.000	0.001	1.000
1004	0.067	0.024	0.066	-0.000	0.000	0.001	1.000
1005	0.067	0.024	0.066	-0.000	0.000	0.001	1.000
1007	0.067	0.024	0.066	-0.000	0.000	0.001	1.000
1008	0.067	0.024	0.066	-0.000	0.000	0.001	1.000
1009	0.067	0.024	0.066	-0.000	0.000	0.001	1.000
1011	0.067	0.024	0.066	-0.000	0.000	0.001	1.000
1013	0.067	0.024	0.066	-0.000	0.000	0.001	1.000
1014	0.067	0.024	0.066	-0.000	0.000	0.001	1.000
1016	0.067	0.024	0.066	-0.000	0.000	0.001	1.000
1017	0.067	0.024	0.066	-0.000	0.000	0.001	1.000
1018	0.067	0.024	0.066	-0.000	0.000	0.001	1.000
1019	0.067	0.024	0.066	-0.000	0.000	0.001	1.000
1021	0.067	0.024	0.066	-0.000	0.000	0.001	1.000
1022	0.067	0.024	0.066	-0.000	0.000	0.001	1.000
1024	0.067	0.024	0.066	-0.000	0.000	0.001	1.000
1025	0.067	0.024	0.066	-0.000	0.000	0.001	1.000
1027	0.067	0.024	0.066	-0.000	0.000	0.001	1.000
1028	0.067	0.024	0.066	-0.000	0.000	0.001	1.000
1030	0.067	0.024	0.066	-0.000	0.000	0.001	1.000
1031	0.067	0.024	0.066	-0.000	0.000	0.001	1.000
1033	0.067	0.024	0.066	-0.000	0.000	0.001	1.000
1034	0.067	0.024	0.066	-0.000	0.000	0.001	1.000
1035	0.067	0.024	0.066	-0.000	0.000	0.001	1.000
1037	0.067	0.024	0.066	-0.000	0.000	0.001	1.000
1038	0.067	0.024	0.066	-0.000	0.000	0.001	1.000
1040	0.067	0.024	0.066	-0.000	0.000	0.001	1.000
1041	0.067	0.024	0.066	-0.000	0.000	0.001	1.000
1042	0.067	0.024	0.066	-0.000	0.000	0.001	1.000
1044	0.067	0.024	0.066	-0.000	0.000	0.001	1.000
1045	0.067	0.024	0.066	-0.000	0.000	0.001	1.000
1047	0.067	0.024	0.066	-0.000	0.000	0.001	1.000
1048	0.067	0.024	0.066	-0.000	0.000	0.001	1.000
1050	0.067	0.024	0.066	-0.000	0.000	0.001	1.000
1051	0.067	0.024	0.066	-0.000	0.000	0.001	1.000
1052	0.067	0.024	0.066	-0.000	0.000	0.001	1.000
1054	0.067	0.024	0.066	-0.000	0.000	0.001	1.000
1055	0.067	0.024	0.066	-0.000	0.000	0.001	1.000
1057	0.067	0.024	0.066	-0.000	0.000	0.001	1.000
1058	0.067	0.024	0.066	-0.000	0.000	0.001	1.000
1059	0.067	0.024	0.066	-0.000	0.000	0.001	1.000
1061	0.067	0.024	0.066	-0.000	0.000	0.001	1.000
1062	0.067	0.024	0.066	-0.000	0.000	0.001	1.000
1064	0.067	0.024	0.066	-0.000	0.000	0.001	1.000
1065	0.067	0.024	0.066	-0.000	0.000	0.001	1.000
1067	0.067	0.024	0.066	-0.000	0.000	0.001	1.000
1068	0.067	0.024	0.066	-0.000	0.000	0.001	1.000
1070	0.067	0.024	0.066	-0.000	0.000	0.001	1.000
1071	0.067	0.024	0.066	-0.000	0.000	0.001	1.000
1073	0.067	0.024	0.066	-0.000	0.000	0.001	1.000
1074	0.067	0.024	0.066	-0.000	0.000	0.001	1.000
1075	0.067	0.024	0.066	-0.000	0.000	0.001	1.000
1077	0.067	0.024	0.066	-0.000	0.000	0.001	1.000
1078	0.067	0.024	0.066	-0.000	0.000	0.001	1.000
1080	0.067	0.024	0.066	-0.000	0.000	0.001	1.000
1081	0.067	0.024	0.066	-0.000	0.000	0.001	1.000
1083	0.067	0.024	0.066	-0.000	0.000	0.001	1.000
1084	0.067	0.024	0.066	-0.000	0.000	0.001	1.000
1086	0.067	0.024	0.066	-0.000	0.000	0.001	1.000
1087	0.067	0.024	0.066	-0.000	0.000	0.001	1.000
1088	0.067	0.024	0.066	-0.000	0.000	0.001	1.000
1090	0.067	0.024	0.066	-0.000	0.000	0.001	1.000
1091	0.067	0.024	0.066	-0.000	0.000	0.001	1.000
1093	0.067	0.024	0.066	-0.000	0.000	0.001	1.000
1094	0.067	0.024	0.066	-0.000	0.000	0.001	1.000
1095	0.067	0.024	0.066	-0.000	0.000	0.001	1.000
1097	0.067	0.024	0.066	-0.000	0.000	0.001	1.000
1098	0.067	0.024	0.066	-0.000	0.000	0.001	1.000
1100	0.067	0.024	0.066	-0.000	0.000	0.001	1.000
1101	0.067	0.024	0.066	-0.000	0.000	0.001	1.000
1103	0.067	0.024	0.066	-0.000	0.000	0.001	1.000
1104	0.067	0.024	0.066	-0.000	0.000	0.001	1.000
1106	0.067	0.024	0.066	-0.000	0.000	0.001	1.000
1107	0.067	0.024	0.066	-0.000	0.000	0.001	1.000
1109	0.067	0.024	0.066	-0.000	0.000	0.001	1.000
1110	0.067	0.024	0.066	-0.000	0.000	0.001	1.000
1111	0.067	0.024	0.066	-0.000	0.000	0.001	1.000
1112	0.067	0.024	0.066	-0.000	0.000	0.001	1.000
1114	0.067	0.024	0.066	-0.000	0.000	0.001	1.000
1115	0.067	0.024	0.066	-0.000	0.000	0.001	1.000
1117	0.067	0.024	0.066	-0.000	0.000	0.001	1.000
1118	0.067	0.024	0.066	-0.000	0.000	0.001	1.000
1120	0.067	0.024	0.066	-0.000	0.000	0.001	1.000
1121	0.067	0.024	0.066	-0.000	0.000	0.001	1.000
1122	0.067	0.024	0.066	-0.000	0.000	0.001	1.000
1124	0.067	0.024	0.066	-0.000	0.000	0.001	1.000
1125	0.067	0.024	0.066	-0.000	0.000	0.001	1.000
1126	0.067	0.024	0.066	-0.000	0.000	0.001	1.000
1128	0.067	0.024	0.066	-0.000	0.000	0.001	1.000
1129	0.067	0.024	0.066	-0.000	0.000	0.001	1.000
1130	0.067	0.024	0.066	-0.000	0.000	0.001	1.000
1132	0.067	0.024	0.066	-0.000	0.000	0.001	1.000
1133	0.067	0.024	0.066	-0.000	0.000	0.001	1.000
1134	0.067	0.024	0.066	0.000	0.000	0.001	1.000
1136	0.067	0.024	0.066	0.000	0.000	0.001	1.000
1137	0.067	0.024	0.066	0.000	0.000	0.001	1.000
1138	0.067	0.024	0.066	0.000	0.000	0.001	1.000
1140	0.067	0.024	0.066	0.000	0.000	0.001	1.000
1141	0.067	0.024	0.066	0.000	0.000	0.001	1.000
1142	0.067	0.024	0.066	0.000	0.000	0.001	1.000
1144	0.067	0.024	0.066	0.000	0.000	0.001	1.000
1145	0.067	0.024	0.066	0.000	0.000	0.001	1.000
1146	0.067	0.024	0.066	0.000	0.000	0.001	1.000
1148	0.067	0.024	0.066	0.000	0.000	0.001	1.000
1149	0.067	0.024	0.066	0.000	0.000	0.001	1.000
1151	0.067	0.024	0.066	0.000	0.000	0.001	1.000
1152	0.067	0.024	0.066	0.000	0.000	0.001	1.000
1153	0.067	0.024	0.066	0.000	0.000	0.001	1.000
1155	0.067	0.024	0.066	0.000	0.000	0.001	1.000
1156	0.067	0.024	0.066	0.000	0.000	0.001	1.000
1158	0.067	0.024	0.066	0.000	0.000	0.001	1.000
1159	0.067	0.024	0.066	0.000	0.000	0.001	1.000
1161	0.067	0.024	0.066	0.000	0.000	0.001	1.000
1162	0.067	0.024	0.066	0.000	0.000	0.001	1.000
1164	0.067	0.024	0.066	0.000	0.000	0.001	1.000
1165	0.067	0.024	0.066	0.000	0.000	0.001	1.000
1166	0.067	0.024	0.066	0.000	0.000	0.001	1.000
1168	0.067	0.024	0.066	0.000	0.000	0.001	1.000
1169	0.067	0.024	0.066	0.000	0.000	0.001	1.000
1171	0.067	0.024	0.066	0.000	0.000	0.001	1.000
1172	0.067	0.024	0.066	0.000	0.000	0.001	1.000
1173	0.067	0.024	0.066	0.000	0.000	0.001	1.000
1175	0.067	0.024	0.066	0.000	0.000	0.001	1.000
1176	0.067	0.024	0.066	0.000	0.000	0.001	1.000
1178	0.067	0.024	0.066	0.000	0.000	0.001	1.000
1179	0.067	0.024	0.066	0.000	0.000	0.001	1.000
1180	0.067	0.024	0.066	0.000	0.000	0.001	1.000
1182	0.067	0.024	0.066	0.000	0.000	0.001	1.000
1183	0.067	0.024	0.066	0.000	0.000	0.001	1.000
1185	0.067	0.024	0.066	0.000	0.000	0.001	1.000
1186	0.067	0.024	0.066	0.000	0.000	0.001	1.000
1187	0.067	0.024	0.066	0.000	0.000	0.001	1.000
1189	0.067	0.024	0.066	0.000	0.000	0.001	1.000
1190	0.067	0.024	0.066	0.000	0.000	0.001	1.000
1192	0.067	0.024	0.066	0.000	0.000	0.001	1.000
1193	0.067	0.024	0.066	0.000	0.000	0.001	1.000
1194	0.067	0.024	0.066	0.000	0.000	0.001	1.000
1196	0.067	0.024	0.066	0.000	0.000	0.001	1.000
1197	0.067	0.024	0.066	0.000	0.000	0.001	1.000
1199	0.067	0.024	0.066	0.000	0.000	0.001	1.000
1200	0.067	0.024	0.066	0.000	0.000	0.001	1.000
1201	0.067	0.024	0.066	0.000	0.000	0.001	1.000
1203	0.067	0.024	0.066	0.000	0.000	0.001	1.000
1204	0.067	0.024	0.066	0.000	0.000	0.001	1.000
1205	0.067	0.024	0.066	0.000	0.000	0.001	1.000
1207	0.067	0.024	0.066	0.000	0.000	0.001	1.000
1208	0.067	0.024	0.066	0.000	0.000	0.001	1.000
1210	0.067	0.024	0.066	0.000	0.000	0.001	1.000
1211	0.067	0.024	0.066	0.000	0.000	0.001	1.000
1212	0.067	0.024	0.066	0.000	0.000	0.001	1.000
1214	0.067	0.024	0.066	0.000	0.000	0.001	1.000
1215	0.067	0.024	0.066	0.000	0.000	0.001	1.000
1216	0.067	0.024	0.066	0.000	0.000	0.001	1.000
1218	0.067	0.024	0.066	0.000	0.000	0.001	1.000
1219	0.067	0.024	0.066	0.000	0.000	0.001	1.000
1220	0.067	0.024	0.066	0.000	0.000	0.001	1.000
1222	0.067	0.024	0.066	0.000	0.000	0.001	1.000
1223	0.067	0.024	0.066	0.000	0.000	0.001	1.000
1225	0.067	0.024	0.066	0.000	0.000	0.001	1.000
1226	0.067	0.024	0.066	0.000	0.000	0.001	1.000
1227	0.067	0.024	0.066	0.000	0.000	0.001	1.000
1229	0.067	0.024	0.066	0.000	0.000	0.001	1.000
1230	0.067	0.024	0.066	0.000	0.000	0.001	1.000
1231	0.067	0.024	0.066	0.000	0.000	0.001	1.000
1233	0.067	0.024	0.066	0.000	0.000	0.001	1.000
1234	0.067	0.024	0.066	0.000	0.000	0.001	1.000
1236	0.067	0.024	0.066	0.000	0.000	0.001	1.000
1237	0.067	0.024	0.066	0.000	0.000	0.001	1.000
1239	0.067	0.024	0.066	0.000	0.000	0.001	1.000
1240	0.067	0.024	0.066	0.000	0.000	0.001	1.000
1241	0.067	0.024	0.066	0.000	0.000	0.001	1.000
1243	0.067	0.024	0.066	0.000	0.000	0.001	1.000
1244	0.067	0.024	0.066	0.000	0.000	0.001	1.000
1246	0.067	0.024	0.066	0.000	0.000	0.001	1.000
1247	0.067	0.024	0.066	0.000	0.000	0.001	1.000
1249	0.067	0.024	0.066	0.000	0.000	0.001	1.000
1250	0.067	0.024	0.066	0.000	0.000	0.001	1.000
1252	0.067	0.024	0.066	0.000	0.000	0.001	1.000
1253	0.067	0.024	0.066	0.000	0.000	0.001	1.000
1254	0.067	0.024	0.066	0.000	0.000	0.001	1.000
1256	0.067	0.024	0.066	0.000	0.000	0.001	1.000
1257	0.067	0.024	0.066	0.000	0.000	0.001	1.000
1258	0.067	0.024	0.066	0.000	0.000	0.001	1.000
1260	0.067	0.024	0.066	0.000	0.000	0.001	1.000
1261	0.067	0.024	0.066	0.000	0.000	0.001	1.000
1263	0.067	0.024	0.066	0.000	0.000	0.001	1.000
1264	0.067	0.024	0.066	0.000	0.000	0.001	1.000
1266	0.067	0.024	0.066	0.000	0.000	0.001	1.000
1267	0.067	0.024	0.066	0.000	0.000	0.001	1.000
1268	0.067	0.024	0.066	0.000	0.000	0.001	1.000
1270	0.067	0.024	0.066	0.000	0.000	0.001	1.000
1271	0.067	0.024	0.066	0.000	0.000	0.001	1.000
1273	0.067	0.024	0.066	0.000	0.000	0.001	1.000
1274	0.067	0.024	0.066	0.000	0.000	0.001	1.000
1276	0.067	0.024	0.066	0.000	0.000	0.001	1.000
1277	0.067	0.024	0.066	0.000	0.000	0.001	1.000
1279	0.067	0.024	0.066	0.000	0.000	0.001	1.000
1280	0.067	0.024	0.066	0.000	0.000	0.001	1.000
1282	0.067	0.024	0.066	0.000	0.000	0.001	1.000
1283	0.067	0.024	0.066	0.000	0.000	0.001	1.000
1284	0.067	0.024	0.066	0.000	0.000	0.001	1.000
1286	0.067	0.024	0.066	0.000	0.000	0.001	1.000
1287	0.067	0.024	0.066	0.000	0.000	0.001	1.000
1289	0.067	0.024	0.066	0.000	0.000	0.001	1.000
1290	0.067	0.024	0.066	0.000	0.000	0.001	1.000
1292	0.067	0.024	0.066	0.000	0.000	0.001	1.000
1293	0.067	0.024	0.066	0.000	0.000	0.001	1.000
1295	0.067	0.024	0.066	0.000	0.000	0.001	1.000
1296	0.067	0.024	0.066	0.000	0.000	0.001	1.000
1298	0.067	0.024	0.066	0.000	0.000	0.001	1.000
1299	0.067	0.024	0.066	0.000	0.000	0.001	1.000
1300	0.067	0.024	0.066	0.000	0.000	0.001	1.000
1302	0.067	0.024	0.066	0.000	0.000	0.001	1.000
1303	0.067	0.024	0.066	0.000	0.000	0.001	1.000
1305	0.067	0.024	0.066	0.000	0.000	0.001	1.000
1306	0.067	0.024	0.066	0.000	0.000	0.001	1.000
1308	0.067	0.024	0.066	0.000	0.000	0.001	1.000
1309	0.067	0.024	0.066	0.000	0.000	0.001	1.000
1310	0.067	0.024	0.066	0.000	0.000	0.001	1.000
1312	0.067	0.024	0.066	0.000	0.000	0.001	1.000
1313	0.067	0.024	0.066	0.000	0.000	0.001	1.000
1315	0.067	0.024	0.066	0.000	0.000	0.001	1.000
1316	0.067	0.024	0.066	0.000	0.000	0.001	1.000
1318	0.067	0.024	0.066	0.000	0.000	0.001	1.000
1319	0.067	0.024	0.066	0.000	0.000	0.001	1.000
1321	0.067	0.024	0.066	0.000	0.000	0.001	1.000
1322	0.067	0.024	0.066	0.000	0.000	0.001	1.000
1323	0.067	0.024	0.066	0.000	0.000	0.001	1.000
1325	0.067	0.024	0.066	0.000	0.000	0.001	1.000
1326	0.067	0.024	0.066	0.000	0.000	0.001	1.000
1328	0.067	0.024	0.066	0.000	0.000	0.001	1.000
1329	0.067	0.024	0.066	0.000	0.000	0.001	1.000
1331	0.067	0.024	0.066	0.000	0.000	0.001	1.000
1332	0.067	0.024	0.066	0.000	0.000	0.001	1.000
1333	0.067	0.024	0.066	0.000	0.000	0.001	1.000
1335	0.067	0.024	0.066	0.000	0.000	0.001	1.000
1336	0.067	0.024	0.066	0.000	0.000	0.001	1.000
1338	0.067	0.024	0.066	0.000	0.000	0.001	1.000
1339	0.067	0.024	0.066	0.000	0.000	0.001	1.000
1341	0.067	0.024	0.066	0.000	0.000	0.001	1.000
1342	0.067	0.024	0.066	0.000	0.000	0.001	1.000
1344	0.067	0.024	0.066	0.000	0.000	0.001	1.000
1345	0.067	0.024	0.066	0.000	0.000	0.001	1.000
1347	0.067	0.024	0.066	0.000	0.000	0.001	1.000
1348	0.067	0.024	0.066	0.000	0.000	0.001	1.000
1349	0.067	0.024	0.066	0.000	0.000	0.001	1.000
1351	0.067	0.024	0.066	0.000	0.000	0.001	1.000
1352	0.067	0.024	0.066	0.000	0.000	0.001	1.000
1353	0.067	0.024	0.066	0.000	0.000	0.001	1.000
1355	0.067	0.024	0.066	0.000	0.000	0.001	1.000
1356	0.067	0.024	0.066	0.000	0.000	0.001	1.000
1358	0.067	0.024	0.066	0.000	0.000	0.001	1.000
1359	0.067	0.024	0.066	0.000	0.000	0.001	1.000
1361	0.067	0.024	0.066	0.000	0.000	0.001	1.000
1362	0.067	0.024	0.066	0.000	0.000	0.001	1.000
1364	0.067	0.024	0.066	0.000	0.000	0.001	1.000
1365	0.067	0.024	0.066	0.000	0.000	0.001	1.000
1366	0.067	0.024	0.066	0.000	0.000	0.001	1.000
1368	0.067	0.024	0.066	0.000	0.000	0.001	1.000
1369	0.067	0.024	0.066	0.000	0.000	0.001	1.000
1370	0.067	0.024	0.066	0.000	0.000	0.001	1.000
1372	0.067	0.024	0.066	0.000	0.000	0.001	1.000
1373	0.067	0.024	0.066	0.000	0.000	0.001	1.000
1375	0.067	0.024	0.066	0.000	0.000	0.001	1.000
1376	0.067	0.024	0.066	0.000	0.000	0.001	1.000
1377	0.067	0.024	0.066	0.000	0.000	0.001	1.000
1379	0.067	0.024	0.066	0.000	0.000	0.001	1.000
1383	0.067	0.024	0.066	0.000	0.000	0.001	1.000
1384	0.067	0.024	0.066	0.000	0.000	0.001	1.000
1386	0.067	0.024	0.066	0.000	0.000	0.001	1.000
1387	0.067	0.024	0.066	0.000	0.000	0.001	1.000
1388	0.067	0.024	0.066	0.000	0.000	0.001	1.000
1390	0.067	0.024	0.066	0.000	0.000	0.001	1.000
1391	0.067	0.024	0.066	0.000	0.000	0.001	1.000
1393	0.067	0.024	0.066	0.000	0.000	0.001	1.000
1394	0.067	0.024	0.066	0.000	0.000	0.001	1.000
1395	0.067	0.024	0.066	0.000	0.000	0.001	1.000
1396	0.067	0.024	0.066	0.000	0.000	0.001	1.000
1398	0.067	0.024	0.066	0.000	0.000	0.001	1.000
1399	0.067	0.024	0.066	0.000	0.000	0.001	1.000
1400	0.067	0.024	0.066	0.000	0.000	0.001	1.000
1402	0.067	0.024	0.066	0.000	0.000	0.001	1.000
1403	0.067	0.024	0.066	0.000	0.000	0.001	1.000
1404	0.067	0.024	0.066	0.000	0.000	0.001	1.000
1406	0.067	0.024	0.066	0.000	0.000	0.001	1.000
1407	0.067	0.024	0.066	0.000	0.000	0.001	1.000
1409	0.067	0.024	0.066	0.000	0.000	0.001	1.000
1410	0.067	0.024	0.066	0.000	0.000	0.001	1.000
1412	0.067	0.024	0.066	0.000	0.000	0.001	1.000
1413	0.067	0.024	0.066	0.000	0.000	0.001	1.000
1414	0.067	0.024	0.066	0.000	0.000	0.001	1.000
1416	0.067	0.024	0.066	0.000	0.000	0.001	1.000
1417	0.067	0.024	0.066	0.000	0.000	0.001	1.000
1419	0.067	0.024	0.066	0.000	0.000	0.001	1.000
1420	0.067	0.024	0.066	0.000	0.000	0.001	1.000
1421	0.067	0.024	0.066	0.000	0.000	0.001	1.000
1423	0.067	0.024	0.066	0.000	0.000	0.001	1.000
1424	0.067	0.024	0.066	0.000	0.000	0.001	1.000
1425	0.067	0.024	0.066	0.000	0.000	0.001	1.000
1427	0.067	0.024	0.066	0.000	0.000	0.001	1.000
1428	0.067	0.024	0.066	0.000	0.000	0.001	1.000
1430	0.067	0.024	0.066	0.000	0.000	0.001	1.000
1431	0.067	0.024	0.066	0.000	0.000	0.001	1.000
1433	0.067	0.024	0.066	0.000	0.000	0.001	1.000
1435	0.067	0.024	0.066	0.000	0.000	0.001	1.000
1436	0.067	0.024	0.066	0.000	0.000	0.001	1.000
1437	0.067	0.024	0.066	0.000	0.000	0.001	1.000
1439	0.067	0.024	0.066	0.000	0.000	0.001	1.000
1440	0.067	0.024	0.066	0.000	0.000	0.001	1.000
1442	0.067	0.024	0.066	0.000	0.000	0.001	1.000
1443	0.067	0.024	0.066	0.000	0.000	0.001	1.000
1445	0.067	0.024	0.066	0.000	0.000	0.001	1.000
1446	0.067	0.024	0.066	0.000	0.000	0.001	1.000
1447	0.067	0.024	0.066	0.000	0.000	0.001	1.000
1449	0.067	0.024	0.066	0.000	0.000	0.001	1.000
1450	0.067	0.024	0.066	0.000	0.000	0.001	1.000
1452	0.067	0.024	0.066	0.000	0.000	0.001	1.000
1454	0.067	0.024	0.066	0.000	0.000	0.001	1.000
1455	0.067	0.024	0.066	0.000	0.000	0.001	1.000
1457	0.067	0.024	0.066	0.000	0.000	0.001	1.000
1459	0.067	0.024	0.066	0.000	0.000	0.001	1.000
1460	0.067	0.024	0.066	0.000	0.000	0.001	1.000
1462	0.067	0.024	0.066	0.000	0.000	0.001	1.000
1463	0.067	0.024	0.066	0.000	0.000	0.001	1.000
1464	0.067	0.024	0.066	0.000	0.000	0.001	1.000
1466	0.067	0.024	0.066	0.000	0.000	0.001	1.000
1467	0.067	0.024	0.066	0.000	0.000	0.001	1.000
1468	0.067	0.024	0.066	0.000	0.000	0.001	1.000
1470	0.067	0.024	0.066	0.000	0.000	0.001	1.000
1471	0.067	0.024	0.066	0.000	0.000	0.001	1.000
1473	0.067	0.024	0.066	0.000	0.000	0.001	1.000
1474	0.067	0.024	0.066	0.000	0.000	0.001	1.000
1476	0.067	0.024	0.066	0.000	0.000	0.001	1.000
1478	0.067	0.024	0.066	0.000	0.000	0.001	1.000
1479	0.067	0.024	0.066	0.000	0.000	0.001	1.000
1481	0.067	0.024	0.066	0.000	0.000	0.001	1.000
1482	0.067	0.024	0.066	0.000	0.000	0.001	1.000
1484	0.067	0.024	0.066	0.000	0.000	0.001	1.000
1485	0.067	0.024	0.066	0.000	0.000	0.001	1.000
1486	0.067	0.024	0.066	0.000	0.000	0.001	1.000
1488	0.067	0.024	0.066	0.000	0.000	0.001	1.000
1490	0.067	0.024	0.066	0.000	0.000	0.001	1.000
1492	0.067	0.024	0.066	0.000	0.000	0.001	1.000
1493	0.067	0.024	0.066	0.000	0.000	0.001	1.000
1494	0.067	0.024	0.066	0.000	0.000	0.001	1.000
1496	0.067	0.024	0.066	0.000	0.000	0.001	1.000
1497	0.067	0.024	0.066	0.000	0.000	0.001	1.000
1499	0.067	0.024	0.066	0.000	0.000	0.001	1.000
1500	0.067	0.024	0.066	0.000	0.000	0.001	1.000
1502	0.067	0.024	0.066	0.000	0.000	0.001	1.000
1504	0.067	0.024	0.066	0.000	0.000	0.001	1.000
1505	0.067	0.024	0.066	0.000	0.000	0.001	1.000
1506	0.067	0.024	0.066	0.000	0.000	0.001	1.000
1508	0.067	0.024	0.066	0.000	0.000	0.001	1.000
1509	0.067	0.024	0.066	0.000	0.000	0.001	1.000
1510	0.067	0.024	0.066	0.000	0.000	0.001	1.000
1512	0.067	0.024	0.066	0.000	0.000	0.001	1.000
1513	0.067	0.024	0.066	0.000	0.000	0.001	1.000
1515	0.067	0.024	0.066	0.000	0.000	0.001	1.000
1516	0.067	0.024	0.066	0.000	0.000	0.001	1.000
1518	0.067	0.024	0.066	0.000	0.000	0.001	1.000
1519	0.067	0.024	0.066	0.000	0.000	0.001	1.000
1520	0.067	0.024	0.066	0.000	0.000	0.001	1.000
1521	0.067	0.024	0.066	0.000	0.000	0.001	1.000
1523	0.067	0.024	0.066	0.000	0.000	0.001	1.000
1524	0.067	0.024	0.066	0.000	0.000	0.001	1.000
1525	0.067	0.024	0.066	0.000	0.000	0.001	1.000
1527	0.067	0.024	0.066	0.000	0.000	0.001	1.000
1528	0.067	0.024	0.066	0.000	0.000	0.001	1.000
1530	0.067	0.024	0.066	0.000	0.000	0.001	1.000
1531	0.067	0.024	0.066	0.000	0.000	0.001	1.000
1533	0.067	0.024	0.066	0.000	0.000	0.001	1.000
1535	0.067	0.024	0.066	0.000	0.000	0.001	1.000
1536	0.067	0.024	0.066	0.000	0.000	0.001	1.000
1538	0.067	0.024	0.066	0.000	0.000	0.001	1.000
1540	0.067	0.024	0.066	0.000	0.000	0.001	1.000
1541	0.067	0.024	0.066	0.000	0.000	0.001	1.000
1543	0.067	0.024	0.066	0.000	0.000	0.001	1.000
1545	0.067	0.024	0.066	0.000	0.000	0.001	1.000
1546	0.067	0.024	0.066	0.000	0.000	0.001	1.000
1548	0.067	0.024	0.066	0.000	0.000	0.001	1.000
1549	0.067	0.024	0.066	0.000	0.000	0.001	1.000
1551	0.067	0.024	0.066	0.000	0.000	0.001	1.000
1552	0.067	0.024	0.066	0.000	0.000	0.001	1.000
1554	0.067	0.024	0.066	0.000	0.000	0.001	1.000
1556	0.067	0.024	0.066	0.000	0.000	0.001	1.000
1557	0.067	0.024	0.066	0.000	0.000	0.001	1.000
1559	0.067	0.024	0.066	0.000	0.000	0.001	1.000
1560	0.067	0.024	0.066	0.000	0.000	0.001	1.000
1562	0.067	0.024	0.066	0.000	0.000	0.001	1.000
1564	0.067	0.024	0.066	0.000	0.000	0.001	1.000
1565	0.067	0.024	0.066	0.000	0.000	0.001	1.000
1567	0.067	0.024	0.066	0.000	0.000	0.001	1.000
1568	0.067	0.024	0.066	0.000	0.000	0.001	1.000
1570	0.067	0.024	0.066	0.000	0.000	0.001	1.000
1571	0.067	0.024	0.066	0.000	0.000	0.001	1.000
1573	0.067	0.024	0.066	0.000	0.000	0.001	1.000
1574	0.067	0.024	0.066	0.000	0.000	0.001	1.000
1576	0.067	0.024	0.066	0.000	0.000	0.001	1.000
1578	0.067	0.024	0.066	0.000	0.000	0.001	1.000
1579	0.067	0.024	0.066	0.000	0.000	0.001	1.000
1581	0.067	0.024	0.066	0.000	0.000	0.001	1.000
1582	0.067	0.024	0.066	0.000	0.000	0.001	1.000
1584	0.067	0.024	0.066	0.000	0.000	0.001	1.000
1586	0.067	0.024	0.066	0.000	0.000	0.001	1.000
1587	0.067	0.024	0.066	0.000	0.000	0.001	1.000
1589	0.067	0.024	0.066	0.000	0.000	0.001	1.000
1590	0.067	0.024	0.066	0.000	0.000	0.001	1.000
1592	0.067	0.024	0.066	0.000	0.000	0.001	1.000
1594	0.067	0.024	0.066	0.000	0.000	0.001	1.000
1595	0.067	0.024	0.066	0.000	0.000	0.001	1.000
1597	0.067	0.024	0.066	0.000	0.000	0.001	1.000
1598	0.067	0.024	0.066	0.000	0.000	0.001	1.000
1600	0.067	0.024	0.066	0.000	0.000	0.001	1.000
1602	0.067	0.024	0.066	0.000	0.000	0.001	1.000
1603	0.067	0.024	0.066	0.000	0.000	0.001	1.000
1605	0.067	0.024	0.066	0.000	0.000	0.001	1.000
1606	0.067	0.024	0.066	0.000	0.000	0.001	1.000
1608	0.067	0.024	0.066	0.000	0.000	0.001	1.000
1610	0.067	0.024	0.066	0.000	0.000	0.001	1.000
1611	0.067	0.024	0.066	0.000	0.000	0.001	1.000
1613	0.067	0.024	0.066	0.000	0.000	0.001	1.000
1614	0.067	0.024	0.066	0.000	0.000	0.001	1.000
1616	0.067	0.024	0.066	0.000	0.000	0.001	1.000
1618	0.067	0.024	0.066	0.000	0.000	0.001	1.000
1619	0.067	0.024	0.066	0.000	0.000	0.001	1.000
1621	0.067	0.024	0.066	0.000	0.000	0.001	1.000
1622	0.067	0.024	0.066	0.000	0.000	0.001	1.000
1624	0.067	0.024	0.066	0.000	0.000	0.001	1.000
1626	0.067	0.024	0.066	0.000	0.000	0.001	1.000
1627	0.067	0.024	0.066	0.000	0.000	0.001	1.000
1629	0.067	0.024	0.066	0.000	0.000	0.001	1.000
1630	0.067	0.024	0.066	0.000	0.000	0.001	1.000
1631	0.067	0.024	0.066	0.000	0.000	0.001	1.000
1633	0.067	0.024	0.066	0.000	0.000	0.001	1.000
1634	0.067	0.024	0.066	0.000	0.000	0.001	1.000
1635	0.067	0.024	0.066	0.000	0.000	0.001	1.000
1637	0.067	0.024	0.066	0.000	0.000	0.001	1.000
1638	0.067	0.024	0.066	0.000	0.000	0.001	1.000
1640	0.067	0.024	0.066	0.000	0.000	0.001	1.000
1641	0.067	0.024	0.066	0.000	0.000	0.001	1.000
1642	0.067	0.024	0.066	0.000	0.000	0.001	1.000
1644	0.067	0.024	0.066	0.000	0.000	0.001	1.000
1645	0.067	0.024	0.066	0.000	0.000	0.001	1.000
1647	0.067	0.024	0.066	0.000	0.000	0.001	1.000
1648	0.067	0.024	0.066	0.000	0.000	0.001	1.000
1650	0.067	0.024	0.066	0.000	0.000	0.001	1.000
1651	0.067	0.024	0.066	0.000	0.000	0.001	1.000
1653	0.067	0.024	0.066	0.000	0.000	0.001	1.000
1654	0.067	0.024	0.066	0.000	0.000	0.001	1.000
1656	0.067	0.024	0.066	0.000	0.000	0.001	1.000
1657	0.067	0.024	0.066	0.000	0.000	0.001	1.000
1658	0.067	0.024	0.066	0.000	0.000	0.001	1.000
1660	0.067	0.024	0.066	0.000	0.000	0.001	1.000
1661	0.067	0.024	0.066	0.000	0.000	0.001	1.000
1663	0.067	0.024	0.066	0.000	0.000	0.001	1.000
1664	0.067	0.024	0.066	0.000	0.000	0.001	1.000
1666	0.067	0.024	0.066	0.000	0.000	0.001	1.000
1667	0.067	0.024	0.066	0.000	0.000	0.001	1.000
1668	0.067	0.024	0.066	0.000	0.000	0.001	1.000
1670	0.067	0.024	0.066	0.000	0.000	0.001	1.000
1672	0.067	0.024	0.066	0.000	0.000	0.001	1.000
1673	0.067	0.024	0.066	0.000	0.000	0.001	1.000
1675	0.067	0.024	0.066	0.000	0.000	0.001	1.000
1677	0.067	0.024	0.066	0.000	0.000	0.001	1.000
1678	0.067	0.024	0.066	0.000	0.000	0.001	1.000
1680	0.067	0.024	0.066	0.000	0.000	0.001	1.000
1681	0.067	0.024	0.066	0.000	0.000	0.001	1.000
1683	0.067	0.024	0.066	0.000	0.000	0.001	1.000
1684	0.067	0.024	0.066	0.000	0.000	0.001	1.000
1686	0.067	0.024	0.066	0.000	0.000	0.001	1.000
1687	0.067	0.024	0.066	0.000	0.000	0.001	1.000
1689	0.067	0.024	0.066	0.000	0.000	0.001	1.000
1690	0.067	0.024	0.066	0.000	0.000	0.001	1.000
1692	0.067	0.024	0.066	0.000	0.000	0.001	1.000
1694	0.067	0.024	0.066	0.000	0.000	0.001	1.000
1695	0.067	0.024	0.066	0.000	0.000	0.001	1.000
1697	0.067	0.024	0.066	0.000	0.000	0.001	1.000
1698	0.067	0.024	0.066	0.000	0.000	0.001	1.000
1700	0.067	0.024	0.066	0.000	0.000	0.001	1.000
1701	0.067	0.024	0.066	0.000	0.000	0.001	1.000
1703	0.067	0.024	0.066	0.000	0.000	0.001	1.000
1704	0.067	0.024	0.066	0.000	0.000	0.001	1.000
1706	0.067	0.024	0.066	0.000	0.000	0.001	1.000
1707	0.067	0.024	0.066	0.000	0.000	0.001	1.000
1708	0.067	0.024	0.066	0.000	0.000	0.001	1.000
1710	0.067	0.024	0.066	0.000	0.000	0.001	1.000
1711	0.067	0.024	0.066	0.000	0.000	0.001	1.000
1713	0.067	0.024	0.066	0.000	0.000	0.001	1.000
1714	0.067	0.024	0.066	0.000	0.000	0.001	1.000
1715	0.067	0.024	0.066	0.000	0.000	0.001	1.000
1717	0.067	0.024	0.066	0.000	0.000	0.001	1.000
1718	0.067	0.024	0.066	0.000	0.000	0.001	1.000
1720	0.067	0.024	0.066	0.000	0.000	0.001	1.000
1721	0.067	0.024	0.066	0.000	0.000	0.001	1.000
1722	0.067	0.024	0.066	0.000	0.000	0.001	1.000
1724	0.067	0.024	0.066	0.000	0.000	0.001	1.000
1725	0.067	0.024	0.066	0.000	0.000	0.001	1.000
1727	0.067	0.024	0.066	0.000	0.000	0.001	1.000
1728	0.067	0.024	0.066	0.000	0.000	0.001	1.000
1729	0.067	0.024	0.066	0.000	0.000	0.001	1.000
1731	0.067	0.024	0.066	0.000	0.000	0.001	1.000
1732	0.067	0.024	0.066	0.000	0.000	0.001	1.000
1734	0.067	0.024	0.066	0.000	0.000	0.001	1.000
1735	0.067	0.024	0.066	0.000	0.000	0.001	1.000
1737	0.067	0.024	0.066	0.000	0.000	0.001	1.000
1738	0.067	0.024	0.066	0.000	0.000	0.001	1.000
1740	0.067	0.024	0.066	0.000	0.000	0.001	1.000
1742	0.067	0.024	0.066	0.000	0.000	0.001	1.000
1743	0.067	0.024	0.066	0.000	0.000	0.001	1.000
1745	0.067	0.024	0.066	0.000	0.000	0.001	1.000
1746	0.067	0.024	0.066	0.000	0.000	0.001	1.000
1747	0.067	0.024	0.066	0.000	0.000	0.001	1.000
1749	0.067	0.024	0.066	0.000	0.000	0.001	1.000
1751	0.067	0.024	0.066	0.000	0.000	0.001	1.000
1752	0.067	0.024	0.066	0.000	0.000	0.001	1.000
1754	0.067	0.024	0.066	0.000	0.000	0.001	1.000
1755	0.067	0.024	0.066	0.000	0.000	0.001	1.000
1757	0.067	0.024	0.066	0.000	0.000	0.001	1.000
1758	0.067	0.024	0.066	0.000	0.000	0.001	1.000
1760	0.067	0.024	0.066	0.000	0.000	0.001	1.000
1761	0.067	0.024	0.066	0.000	0.000	0.001	1.000
1763	0.067	0.024	0.066	0.000	0.000	0.001	1.000
1764	0.067	0.024	0.066	0.000	0.000	0.001	1.000
1766	0.067	0.024	0.066	0.000	0.000	0.001	1.000
1768	0.067	0.024	0.066	0.000	0.000	0.001	1.000
1769	0.067	0.024	0.066	0.000	0.000	0.001	1.000
1771	0.067	0.024	0.066	0.000	0.000	0.001	1.000
1772	0.067	0.024	0.066	0.000	0.000	0.001	1.000
1774	0.067	0.024	0.066	0.000	0.000	0.001	1.000
1775	0.067	0.024	0.066	0.000	0.000	0.001	1.000
1776	0.067	0.024	0.066	0.000	0.000	0.001	1.000
1778	0.067	0.024	0.066	0.000	0.000	0.001	1.000
1780	0.067	0.024	0.066	0.000	0.000	0.001	1.000
1781	0.067	0.024	0.066	0.000	0.000	0.001	1.000
1783	0.067	0.024	0.066	0.000	0.000	0.001	1.000
1784	0.067	0.024	0.066	0.000	0.000	0.001	1.000
1786	0.067	0.024	0.066	0.000	0.000	0.001	1.000
1788	0.067	0.024	0.066	0.000	0.000	0.001	1.000
1789	0.067	0.024	0.066	0.000	0.000	0.001	1.000
1791	0.067	0.024	0.066	0.000	0.000	0.001	1.000
1792	0.067	0.024	0.066	0.000	0.000	0.001	1.000
1794	0.067	0.024	0.066	0.000	0.000	0.001	1.000
1795	0.067	0.024	0.066	0.000	0.000	0.001	1.000
1797	0.067	0.024	0.066	0.000	0.000	0.001	1.000
1798	0.067	0.024	0.066	0.000	0.000	0.001	1.000
1800	0.067	0.024	0.066	0.000	0.000	0.001	1.000
1801	0.067	0.024	0.066	0.000	0.000	0.001	1.000
1803	0.067	0.024	0.066	0.000	0.000	0.001	1.000
1804	0.067	0.024	0.066	0.000	0.000	0.001	1.000
1806	0.067	0.024	0.066	0.000	0.000	0.001	1.000
1808	0.067	0.024	0.066	0.000	0.000	0.001	1.000
1809	0.067	0.024	0.066	0.000	0.000	0.001	1.000
1811	0.067	0.024	0.066	0.000	0.000	0.001	1.000
1812	0.067	0.024	0.066	0.000	0.000	0.001	1.000
1814	0.067	0.024	0.066	0.000	0.000	0.001	1.000
1815	0.067	0.024	0.066	0.000	0.000	0.001	1.000
1816	0.067	0.024	0.066	0.000	0.000	0.001	1.000
1821	0.067	0.024	0.066	0.000	0.000	0.001	1.000
1823	0.067	0.024	0.066	0.000	0.000	0.001	1.000
1824	0.067	0.024	0.066	0.000	0.000	0.001	1.000
1825	0.067	0.024	0.066	0.000	0.000	0.001	1.000
1827	0.067	0.024	0.066	0.000	0.000	0.001	1.000
1828	0.067	0.024	0.066	0.000	0.000	0.001	1.000
1829	0.067	0.024	0.066	0.000	0.000	0.001	1.000
1831	0.067	0.024	0.066	0.000	0.000	0.001	1.000
1832	0.067	0.024	0.066	0.000	0.000	0.001	1.000
1833	0.067	0.024	0.066	0.000	0.000	0.001	1.000
1834	0.067	0.024	0.066	0.000	0.000	0.001	1.000
1835	0.067	0.024	0.066	0.000	0.000	0.001	1.000
1836	0.067	0.024	0.066	0.000	0.000	0.001	1.000
1838	0.067	0.024	0.066	0.000	0.000	0.001	1.000
1839	0.067	0.024	0.066	0.000	0.000	0.001	1.000
1841	0.067	0.024	0.066	0.000	0.000	0.001	1.000
1842	0.067	0.024	0.066	0.000	0.000	0.001	1.000
1844	0.067	0.024	0.066	0.000	0.000	0.001	1.000
1845	0.067	0.024	0.066	0.000	0.000	0.001	1.000
1847	0.067	0.024	0.066	0.000	0.000	0.001	1.000
1848	0.067	0.024	0.066	0.000	0.000	0.001	1.000
1850	0.067	0.024	0.066	0.000	0.000	0.001	1.000
1851	0.067	0.024	0.066	0.000	0.000	0.001	1.000
1853	0.067	0.024	0.066	0.000	0.000	0.001	1.000
1854	0.067	0.024	0.066	0.000	0.000	0.001	1.000
1856	0.067	0.024	0.066	0.000	0.000	0.001	1.000
1858	0.067	0.024	0.066	0.000	0.000	0.001	1.000
1859	0.067	0.024	0.066	0.000	0.000	0.001	1.000
1861	0.067	0.024	0.066	0.000	0.000	0.001	1.000
1862	0.067	0.024	0.066	0.000	0.000	0.001	1.000
1864	0.067	0.024	0.066	0.000	0.000	0.001	1.000
1865	0.067	0.024	0.066	0.000	0.000	0.001	1.000
1867	0.067	0.024	0.066	0.000	0.000	0.001	1.000
1868	0.067	0.024	0.066	0.000	0.000	0.001	1.000
1870	0.067	0.024	0.066	0.000	0.000	0.001	1.000
1871	0.067	0.024	0.066	0.000	0.000	0.001	1.000
1873	0.067	0.024	0.066	0.000	0.000	0.001	1.000
1874	0.067	0.024	0.066	0.000	0.000	0.001	1.000
1875	0.067	0.024	0.066	0.000	0.000	0.001	1.000
1877	0.067	0.024	0.066	0.000	0.000	0.001	1.000
1878	0.067	0.024	0.066	0.000	0.000	0.001	1.000
1880	0.067	0.024	0.066	0.000	0.000	0.001	1.000
1881	0.067	0.024	0.066	0.000	0.000	0.001	1.000
1883	0.067	0.024	0.066	0.000	0.000	0.001	1.000
1884	0.067	0.024	0.066	0.000	0.000	0.001	1.000
1886	0.067	0.024	0.066	0.000	0.000	0.001	1.000
1887	0.067	0.024	0.066	0.000	0.000	0.001	1.000
1888	0.067	0.024	0.066	0.000	0.000	0.001	1.000
1890	0.067	0.024	0.066	0.000	0.000	0.001	1.000
1892	0.067	0.024	0.066	0.000	0.000	0.001	1.000
1893	0.067	0.024	0.066	0.000	0.000	0.001	1.000
1895	0.067	0.024	0.066	0.000	0.000	0.001	1.000
1896	0.067	0.024	0.066	0.000	0.000	0.001	1.000
1898	0.067	0.024	0.066	0.000	0.000	0.001	1.000
1899	0.067	0.024	0.066	0.000	0.000	0.001	1.000
1901	0.067	0.024	0.066	0.000	0.000	0.001	1.000
1902	0.067	0.024	0.066	0.000	0.000	0.001	1.000
1903	0.067	0.024	0.066	0.000	0.000	0.001	1.000
1905	0.067	0.024	0.066	0.000	0.000	0.001	1.000
1906	0.067	0.024	0.066	0.000	0.000	0.001	1.000
1907	0.067	0.024	0.066	0.000	0.000	0.001	1.000
1909	0.067	0.024	0.066	0.000	0.000	0.001	1.000
1910	0.067	0.024	0.066	0.000	0.000	0.001	1.000
1911	0.067	0.024	0.066	0.000	0.000	0.001	1.000
1913	0.067	0.024	0.066	0.000	0.000	0.001	1.000
1914	0.067	0.024	0.066	0.000	0.000	0.001	1.000
1916	0.067	0.024	0.066	0.000	0.000	0.001	1.000
1917	0.067	0.024	0.066	0.000	0.000	0.001	1.000
1918	0.067	0.024	0.066	0.000	0.000	0.001	1.000
1920	0.067	0.024	0.066	0.000	0.000	0.001	1.000
1921	0.067	0.024	0.066	0.000	0.000	0.001	1.000
1923	0.067	0.024	0.066	0.000	0.000	0.001	1.000
1924	0.067	0.024	0.066	0.000	0.000	0.001	1.000
1926	0.067	0.024	0.066	0.000	0.000	0.001	1.000
1928	0.067	0.024	0.066	0.000	0.000	0.001	1.000
1929	0.067	0.024	0.066	0.000	0.000	0.001	1.000
1931	0.067	0.024	0.066	0.000	0.000	0.001	1.000
1932	0.067	0.024	0.066	0.000	0.000	0.001	1.000
1934	0.067	0.024	0.066	0.000	0.000	0.001	1.000
1936	0.067	0.024	0.066	0.000	0.000	0.001	1.000
1937	0.067	0.024	0.066	0.000	0.000	0.001	1.000
1939	0.067	0.024	0.066	0.000	0.000	0.001	1.000
1940	0.067	0.024	0.066	0.000	0.000	0.001	1.000
1942	0.067	0.024	0.066	0.000	0.000	0.001	1.000
1944	0.067	0.024	0.066	0.000	0.000	0.001	1.000
1945	0.067	0.024	0.066	0.000	0.000	0.001	1.000
1947	0.067	0.024	0.066	0.000	0.000	0.001	1.000
1948	0.067	0.024	0.066	0.000	0.000	0.001	1.000
1950	0.067	0.024	0.066	0.000	0.000	0.001	1.000
1951	0.067	0.024	0.066	0.000	0.000	0.001	1.000
1953	0.067	0.024	0.066	0.000	0.000	0.001	1.000
1954	0.067	0.024	0.066	0.000	0.000	0.001	1.000
1956	0.067	0.024	0.066	0.000	0.000	0.001	1.000
1958	0.067	0.024	0.066	0.000	0.000	0.001	1.000
1959	0.067	0.024	0.066	0.000	0.000	0.001	1.000
1961	0.067	0.024	0.066	0.000	0.000	0.001	1.000
1962	0.067	0.024	0.066	0.000	0.000	0.001	1.000
1964	0.067	0.024	0.066	0.000	0.000	0.001	1.000
1965	0.067	0.024	0.066	0.000	0.000	0.001	1.000
1967	0.067	0.024	0.066	0.000	0.000	0.001	1.000
1968	0.067	0.024	0.066	0.000	0.000	0.001	1.000
1970	0.067	0.024	0.066	0.000	0.000	0.001	1.000
1971	0.067	0.024	0.066	0.000	0.000	0.001	1.000
1973	0.067	0.024	0.066	0.000	0.000	0.001	1.000
1974	0.067	0.024	0.066	0.000	0.000	0.001	1.000
1976	0.067	0.024	0.066	0.000	0.000	0.001	1.000
1977	0.067	0.024	0.066	0.000	0.000	0.001	1.000
1979	0.067	0.024	0.066	0.000	0.000	0.001	1.000
1980	0.067	0.024	0.066	0.000	0.000	0.001	1.000
1982	0.067	0.024	0.066	0.000	0.000	0.001	1.000
1983	0.067	0.024	0.066	0.000	0.000	0.001	1.000
1985	0.067	0.024	0.066	0.000	0.000	0.001	1.000
1986	0.067	0.024	0.066	0.000	0.000	0.001	1.000
1987	0.067	0.024	0.066	0.000	0.000	0.001	1.000
1989	0.067	0.024	0.066	0.000	0.000	0.001	1.000
1990	0.067	0.024	0.066	0.000	0.000	0.001	1.000
1992	0.067	0.024	0.066	0.000	0.000	0.001	1.000
1994	0.067	0.024	0.066	0.000	0.000	0.001	1.000
1995	0.067	0.024	0.066	0.000	0.000	0.001	1.000
1997	0.067	0.024	0.066	0.000	0.000	0.001	1.000
1998	0.067	0.024	0.066	0.000	0.000	0.001	1.000
2000	0.067	0.024	0.066	0.000	0.000	0.001	1.000
2001	0.067	0.024	0.066	0.000	0.000	0.001	1.000
2003	0.067	0.024	0.066	0.000	0.000	0.001	1.000
2004	0.067	0.024	0.066	0.000	0.000	0.001	1.000
2006	0.067	0.024	0.066	0.000	0.000	0.001	1.000
2008	0.067	0.024	0.066	0.000	0.000	0.001	1.000
2009	0.067	0.024	0.066	0.000	0.000	0.001	1.000
2011	0.067	0.024	0.066	0.000	0.000	0.001	1.000
2012	0.067	0.024	0.066	0.000	0.000	0.001	1.000
2014	0.067	0.024	0.066	0.000	0.000	0.001	1.000
2015	0.067	0.024	0.066	0.000	0.000	0.001	1.000
2016	0.067	0.024	0.066	0.000	0.000	0.001	1.000
2018	0.067	0.024	0.066	0.000	0.000	0.001	1.000
2019	0.067	0.024	0.066	0.000	0.000	0.001	1.000
2020	0.067	0.024	0.066	0.000	0.000	0.001	1.000
2022	0.067	0.024	0.066	0.000	0.000	0.001	1.000
2024	0.067	0.024	0.066	0.000	0.000	0.001	1.000
2025	0.067	0.024	0.066	0.000	0.000	0.001	1.000
2027	0.067	0.024	0.066	0.000	0.000	0.001	1.000
2029	0.067	0.024	0.066	0.000	0.000	0.001	1.000
2030	0.067	0.024	0.066	0.000	0.000	0.001	1.000
2032	0.067	0.024	0.066	0.000	0.000	0.001	1.000
2033	0.067	0.024	0.066	0.000	0.000	0.001	1.000
2035	0.067	0.024	0.066	0.000	0.000	0.001	1.000
2036	0.067	0.024	0.066	0.000	0.000	0.001	1.000
2038	0.067	0.024	0.066	0.000	0.000	0.001	1.000
2039	0.067	0.024	0.066	0.000	0.000	0.001	1.000
2040	0.067	0.024	0.066	0.000	0.000	0.001	1.000
2042	0.067	0.024	0.066	0.000	0.000	0.001	1.000
2043	0.067	0.024	0.066	0.000	0.000	0.001	1.000
2045	0.067	0.024	0.066	0.000	0.000	0.001	1.000
2046	0.067	0.024	0.066	0.000	0.000	0.001	1.000
2048	0.067	0.024	0.066	0.000	0.000	0.001	1.000
2049	0.067	0.024	0.066	0.000	0.000	0.001	1.000
2051	0.067	0.024	0.066	0.000	0.000	0.001	1.000
2052	0.067	0.024	0.066	0.000	0.000	0.001	1.000
2053	0.067	0.024	0.066	0.000	0.000	0.001	1.000
2055	0.067	0.024	0.066	0.000	0.000	0.001	1.000
2056	0.067	0.024	0.066	0.000	0.000	0.001	1.000
2058	0.067	0.024	0.066	0.000	0.000	0.001	1.000
2059	0.067	0.024	0.066	0.000	0.000	0.001	1.000
2061	0.067	0.024	0.066	0.000	0.000	0.001	1.000
2062	0.067	0.024	0.066	0.000	0.000	0.001	1.000
2063	0.067	0.024	0.066	0.000	0.000	0.001	1.000
2065	0.067	0.024	0.066	0.000	0.000	0.001	1.000
2067	0.067	0.024	0.066	0.000	0.000	0.001	1.000
2068	0.067	0.024	0.066	0.000	0.000	0.001	1.000
2070	0.067	0.024	0.066	0.000	0.000	0.001	1.000
2071	0.067	0.024	0.066	0.000	0.000	0.001	1.000
2073	0.067	0.024	0.066	0.000	0.000	0.001	1.000
2074	0.067	0.024	0.066	0.000	0.000	0.001	1.000
2075	0.067	0.024	0.066	0.000	0.000	0.001	1.000
2077	0.067	0.024	0.066	0.000	0.000	0.001	1.000
2078	0.067	0.024	0.066	0.000	0.000	0.001	1.000
2080	0.067	0.024	0.066	0.000	0.000	0.001	1.000
2081	0.067	0.024	0.066	0.000	0.000	0.001	1.000
2083	0.067	0.024	0.066	0.000	0.000	0.001	1.000
2084	0.067	0.024	0.066	0.000	0.000	0.001	1.000
2085	0.067	0.024	0.066	0.000	0.000	0.001	1.000
2087	0.067	0.024	0.066	0.000	0.000	0.001	1.000
2088	0.067	0.024	0.066	0.000	0.000	0.001	1.000
2090	0.067	0.024	0.066	0.000	0.000	0.001	1.000
2092	0.067	0.024	0.066	0.000	0.000	0.001	1.000
2093	0.067	0.024	0.066	0.000	0.000	0.001	1.000
2095	0.067	0.024	0.066	0.000	0.000	0.001	1.000
2096	0.067	0.024	0.066	0.000	0.000	0.001	1.000
2098	0.067	0.024	0.066	0.000	0.000	0.001	1.000
2099	0.067	0.024	0.066	0.000	0.000	0.001	1.000
2101	0.067	0.024	0.066	0.000	0.000	0.001	1.000
2102	0.067	0.024	0.066	0.000	0.000	0.001	1.000
2104	0.067	0.024	0.066	0.000	0.000	0.001	1.000
2105	0.067	0.024	0.066	0.000	0.000	0.001	1.000
2107	0.067	0.024	0.066	0.000	0.000	0.001	1.000
2109	0.067	0.024	0.066	0.000	0.000	0.001	1.000
2110	0.067	0.024	0.066	0.000	0.000	0.001	1.000
2112	0.067	0.024	0.066	0.000	0.000	0.001	1.000
2114	0.067	0.024	0.066	0.000	0.000	0.001	1.000
2115	0.067	0.024	0.066	0.000	0.000	0.001	1.000
2117	0.067	0.024	0.066	0.000	0.000	0.001	1.000
2118	0.067	0.024	0.066	0.000	0.000	0.001	1.000
2120	0.067	0.024	0.066	0.000	0.000	0.001	1.000
2121	0.067	0.024	0.066	0.000	0.000	0.001	1.000
2123	0.067	0.024	0.066	0.000	0.000	0.001	1.000
2125	0.067	0.024	0.066	0.000	0.000	0.001	1.000
2126	0.067	0.024	0.066	0.000	0.000	0.001	1.000
2128	0.067	0.024	0.066	0.000	0.000	0.001	1.000
2130	0.067	0.024	0.066	0.000	0.000	0.001	1.000
2131	0.067	0.024	0.066	0.000	0.000	0.001	1.000
2133	0.067	0.024	0.066	0.000	0.000	0.001	1.000
2134	0.067	0.024	0.066	0.000	0.000	0.001	1.000
2136	0.067	0.024	0.066	0.000	0.000	0.001	1.000
2137	0.067	0.024	0.066	0.000	0.000	0.001	1.000
2139	0.067	0.024	0.066	0.000	0.000	0.001	1.000
2140	0.067	0.024	0.066	0.000	0.000	0.001	1.000
2141	0.067	0.024	0.066	0.000	0.000	0.001	1.000
2143	0.067	0.024	0.066	0.000	0.000	0.001	1.000
2144	0.067	0.024	0.066	0.000	0.000	0.001	1.000
2146	0.067	0.024	0.066	0.000	0.000	0.001	1.000
2147	0.067	0.024	0.066	0.000	0.000	0.001	1.000
2149	0.067	0.024	0.066	0.000	0.000	0.001	1.000
2150	0.067	0.024	0.066	0.000	0.000	0.001	1.000
2151	0.067	0.024	0.066	0.000	0.000	0.001	1.000
2153	0.067	0.024	0.066	0.000	0.000	0.001	1.000
2154	0.067	0.024	0.066	0.001	0.000	0.001	1.000
2156	0.067	0.024	0.066	0.001	0.000	0.001	1.000
2157	0.067	0.024	0.066	0.001	0.000	0.001	1.000
2159	0.067	0.024	0.066	0.001	0.000	0.001	1.000
2161	0.067	0.024	0.066	0.001	0.000	0.001	1.000
2162	0.067	0.024	0.066	0.001	0.000	0.001	1.000
2164	0.067	0.024	0.066	0.001	0.000	0.001	1.000
2165	0.067	0.024	0.066	0.001	0.000	0.001	1.000
2167	0.067	0.024	0.066	0.001	0.000	0.001	1.000
2168	0.067	0.024	0.066	0.001	0.000	0.001	1.000
2169	0.067	0.024	0.066	0.001	0.000	0.001	1.000
2171	0.067	0.024	0.066	0.001	0.000	0.001	1.000
2173	0.067	0.024	0.066	0.001	0.000	0.001	1.000
2174	0.067	0.024	0.066	0.001	0.000	0.001	1.000
2176	0.067	0.024	0.066	0.001	0.000	0.001	1.000
2177	0.067	0.024	0.066	0.001	0.000	0.001	1.000
2179	0.067	0.024	0.066	0.001	0.000	0.001	1.000
2180	0.067	0.024	0.066	0.001	0.000	0.001	1.000
2182	0.067	0.024	0.066	0.001	0.000	0.001	1.000
2184	0.067	0.024	0.066	0.001	0.000	0.001	1.000
2185	0.067	0.024	0.066	0.001	0.000	0.001	1.000
2187	0.067	0.024	0.066	0.001	0.000	0.001	1.000
2188	0.067	0.024	0.066	0.001	0.000	0.001	1.000
2189	0.067	0.024	0.066	0.001	0.000	0.001	1.000
2191	0.067	0.024	0.066	0.001	0.000	0.001	1.000
2192	0.067	0.024	0.066	0.001	0.000	0.001	1.000
2194	0.067	0.024	0.066	0.001	0.000	0.001	1.000
2195	0.067	0.024	0.066	0.001	0.000	0.001	1.000
2197	0.067	0.024	0.066	0.001	0.000	0.001	1.000
2198	0.067	0.024	0.066	0.001	0.000	0.001	1.000
2200	0.067	0.024	0.066	0.001	0.000	0.001	1.000
2201	0.067	0.024	0.066	0.001	0.000	0.001	1.000
2203	0.067	0.024	0.066	0.001	0.000	0.001	1.000
2205	0.067	0.024	0.066	0.001	0.000	0.001	1.000
2206	0.067	0.024	0.066	0.001	0.000	0.001	1.000
2208	0.067	0.024	0.066	0.001	0.000	0.001	1.000
2209	0.067	0.024	0.066	0.001	0.000	0.001	1.000
2211	0.067	0.024	0.066	0.001	0.000	0.001	1.000
2212	0.067	0.024	0.066	0.001	0.000	0.001	1.000
2214	0.067	0.024	0.066	0.001	0.000	0.001	1.000
2216	0.067	0.024	0.066	0.001	0.000	0.001	1.000
2217	0.067	0.024	0.066	0.001	0.000	0.001	1.000
2219	0.067	0.024	0.066	0.001	0.000	0.001	1.000
2221	0.067	0.024	0.066	0.001	0.000	0.001	1.000
2222	0.067	0.024	0.066	0.001	0.000	0.001	1.000
2224	0.067	0.024	0.066	0.001	0.000	0.001	1.000
2225	0.067	0.024	0.066	0.001	0.000	0.001	1.000
2227	0.067	0.024	0.066	0.001	0.000	0.001	1.000
2229	0.067	0.024	0.066	0.001	0.000	0.001	1.000
2230	0.067	0.024	0.066	0.001	0.000	0.001	1.000
2232	0.067	0.024	0.066	0.001	0.000	0.001	1.000
2233	0.067	0.024	0.066	0.001	0.000	0.001	1.000
2235	0.067	0.024	0.066	0.001	0.000	0.001	1.000
2237	0.067	0.024	0.066	0.001	0.000	0.001	1.000
2238	0.067	0.024	0.066	0.001	0.000	0.001	1.000
2240	0.067	0.024	0.066	0.001	0.000	0.001	1.000
2241	0.067	0.024	0.066	0.001	0.000	0.001	1.000
2246	0.067	0.024	0.066	0.001	0.000	0.001	1.000
2247	0.067	0.024	0.066	0.001	0.000	0.001	1.000
2248	0.067	0.024	0.066	0.001	0.000	0.001	1.000
2250	0.067	0.024	0.066	0.001	0.000	0.001	1.000
2251	0.067	0.024	0.066	0.001	0.000	0.001	1.000
2252	0.067	0.024	0.066	0.001	0.000	0.001	1.000
2253	0.067	0.024	0.066	0.001	0.000	0.001	1.000
2254	0.067	0.024	0.066	0.001	0.000	0.001	1.000
2256	0.067	0.024	0.066	0.001	0.000	0.001	1.000
2257	0.067	0.024	0.066	0.001	0.000	0.001	1.000
2258	0.067	0.024	0.066	0.001	0.000	0.001	1.000
2259	0.067	0.024	0.066	0.001	0.000	0.001	1.000
2261	0.067	0.024	0.066	0.001	0.000	0.001	1.000
2262	0.067	0.024	0.066	0.001	0.000	0.001	1.000
2263	0.067	0.024	0.066	0.001	0.000	0.001	1.000
2265	0.067	0.024	0.066	0.001	0.000	0.001	1.000
2266	0.067	0.024	0.066	0.001	0.000	0.001	1.000
2268	0.067	0.024	0.066	0.001	0.000	0.001	1.000
2269	0.067	0.024	0.066	0.001	0.000	0.001	1.000
2270	0.067	0.024	0.066	0.001	0.000	0.001	1.000
2272	0.067	0.024	0.066	0.001	0.000	0.001	1.000
2273	0.067	0.024	0.066	0.001	0.000	0.001	1.000
2274	0.067	0.024	0.066	0.001	0.000	0.001	1.000
2276	0.067	0.024	0.066	0.001	0.000	0.001	1.000
2277	0.067	0.024	0.066	0.001	0.000	0.001	1.000
2278	0.067	0.024	0.066	0.001	0.000	0.001	1.000
2280	0.067	0.024	0.066	0.001	0.000	0.001	1.000
2281	0.067	0.024	0.066	0.001	0.000	0.001	1.000
2282	0.067	0.024	0.066	0.001	0.000	0.001	1.000
2284	0.067	0.024	0.066	0.001	0.000	0.001	1.000
2285	0.067	0.024	0.066	0.001	0.000	0.001	1.000
2287	0.067	0.024	0.066	0.001	0.000	0.001	1.000
2289	0.067	0.024	0.066	0.001	0.000	0.001	1.000
2290	0.067	0.024	0.066	0.001	0.000	0.001	1.000
2292	0.067	0.024	0.066	0.001	0.000	0.001	1.000
2293	0.067	0.024	0.066	0.001	0.000	0.001	1.000
2295	0.067	0.024	0.066	0.001	0.000	0.001	1.000
2297	0.067	0.024	0.066	0.001	0.000	0.001	1.000
2298	0.067	0.024	0.066	0.001	0.000	0.001	1.000
2300	0.067	0.024	0.066	0.001	0.000	0.001	1.000
2301	0.067	0.024	0.066	0.001	0.000	0.001	1.000
2303	0.067	0.024	0.066	0.001	0.000	0.001	1.000
2305	0.067	0.024	0.066	0.001	0.000	0.001	1.000
2306	0.067	0.024	0.066	0.001	0.000	0.001	1.000
2308	0.067	0.024	0.066	0.001	0.000	0.001	1.000
2309	0.067	0.024	0.066	0.001	0.000	0.001	1.000
2311	0.067	0.024	0.066	0.001	0.000	0.001	1.000
2312	0.067	0.024	0.066	0.001	0.000	0.001	1.000
2314	0.067	0.024	0.066	0.001	0.000	0.001	1.000
2316	0.067	0.024	0.066	0.001	0.000	0.001	1.000
2317	0.067	0.024	0.066	0.001	0.000	0.001	1.000
2319	0.067	0.024	0.066	0.001	0.000	0.001	1.000
2320	0.067	0.024	0.066	0.001	0.000	0.001	1.000
2322	0.067	0.024	0.066	0.001	0.000	0.001	1.000
2323	0.067	0.024	0.066	0.001	0.000	0.001	1.000
2325	0.067	0.024	0.066	0.001	0.000	0.001	1.000
2326	0.067	0.024	0.066	0.001	0.000	0.001	1.000
2328	0.067	0.024	0.066	0.001	0.000	0.001	1.000
2330	0.067	0.024	0.066	0.001	0.000	0.001	1.000
2331	0.067	0.024	0.066	0.001	0.000	0.001	1.000
2333	0.067	0.024	0.066	0.001	0.000	0.001	1.000
2334	0.067	0.024	0.066	0.001	0.000	0.001	1.000
2336	0.067	0.024	0.066	0.001	0.000	0.001	1.000
2338	0.067	0.024	0.066	0.001	0.000	0.001	1.000
2339	0.067	0.024	0.066	0.001	0.000	0.001	1.000
2341	0.067	0.024	0.066	0.001	0.000	0.001	1.000
2342	0.067	0.024	0.066	0.001	0.000	0.001	1.000
2344	0.067	0.024	0.066	0.001	0.000	0.001	1.000
2346	0.067	0.024	0.066	0.001	0.000	0.001	1.000
2347	0.067	0.024	0.066	0.001	0.000	0.001	1.000
2349	0.067	0.024	0.066	0.001	0.000	0.001	1.000
2350	0.067	0.024	0.066	0.001	0.000	0.001	1.000
2352	0.067	0.024	0.066	0.001	0.000	0.001	1.000
2353	0.067	0.024	0.066	0.001	0.000	0.001	1.000
2355	0.067	0.024	0.066	0.001	0.000	0.001	1.000
2357	0.067	0.024	0.066	0.001	0.000	0.001	1.000
2358	0.067	0.024	0.066	0.001	0.000	0.001	1.000
2360	0.067	0.024	0.066	0.001	0.000	0.001	1.000
2361	0.067	0.024	0.066	0.001	0.000	0.001	1.000
2363	0.067	0.024	0.066	0.001	0.000	0.001	1.000
2365	0.067	0.024	0.066	0.001	0.000	0.001	1.000
2366	0.067	0.024	0.066	0.001	0.000	0.001	1.000
2368	0.067	0.024	0.066	0.001	0.000	0.001	1.000
2369	0.067	0.024	0.066	0.001	0.000	0.001	1.000
2371	0.067	0.024	0.066	0.001	0.000	0.001	1.000
2372	0.067	0.024	0.066	0.001	0.000	0.001	1.000
2374	0.067	0.024	0.066	0.001	0.000	0.001	1.000
2375	0.067	0.024	0.066	0.001	0.000	0.001	1.000
2376	0.067	0.024	0.066	0.001	0.000	0.001	1.000
2378	0.067	0.024	0.066	0.001	0.000	0.001	1.000
2379	0.067	0.024	0.066	0.001	0.000	0.001	1.000
2381	0.067	0.024	0.066	0.001	0.000	0.001	1.000
2382	0.067	0.024	0.066	0.001	0.000	0.001	1.000
2384	0.067	0.024	0.066	0.001	0.000	0.001	1.000
2385	0.067	0.024	0.066	0.001	0.000	0.001	1.000
2387	0.067	0.024	0.066	0.001	0.000	0.001	1.000
2388	0.067	0.024	0.066	0.001	0.000	0.001	1.000
2390	0.067	0.024	0.066	0.001	0.000	0.001	1.000
2391	0.067	0.024	0.066	0.001	0.000	0.001	1.000
2393	0.067	0.024	0.066	0.001	0.000	0.001	1.000
2395	0.067	0.024	0.066	0.001	0.000	0.001	1.000
2396	0.067	0.024	0.066	0.001	0.000	0.001	1.000
2398	0.067	0.024	0.066	0.001	0.000	0.001	1.000
2399	0.067	0.024	0.066	0.001	0.000	0.001	1.000
2401	0.067	0.024	0.066	0.001	0.000	0.001	1.000
2402	0.067	0.024	0.066	0.001	0.000	0.001	1.000
2403	0.067	0.024	0.066	0.001	0.000	0.001	1.000
2405	0.067	0.024	0.066	0.001	0.000	0.001	1.000
2406	0.067	0.024	0.066	0.001	0.000	0.001	1.000
2408	0.067	0.024	0.066	0.001	0.000	0.001	1.000
2409	0.067	0.024	0.066	0.001	0.000	0.001	1.000
2410	0.067	0.024	0.066	0.001	0.000	0.001	1.000
2412	0.067	0.024	0.066	0.001	0.000	0.001	1.000
2413	0.067	0.024	0.066	0.001	0.000	0.001	1.000
2415	0.067	0.024	0.066	0.001	0.000	0.001	1.000
2416	0.067	0.024	0.066	0.001	0.000	0.001	1.000
2418	0.067	0.024	0.066	0.001	0.000	0.001	1.000
2419	0.067	0.024	0.066	0.001	0.000	0.001	1.000
2421	0.067	0.024	0.066	0.001	0.000	0.001	1.000
2422	0.067	0.024	0.066	0.001	0.000	0.001	1.000
2424	0.067	0.024	0.066	0.001	0.000	0.001	1.000
2426	0.067	0.024	0.066	0.001	0.000	0.001	1.000
2427	0.067	0.024	0.066	0.001	0.000	0.001	1.000
2429	0.067	0.024	0.066	0.001	0.000	0.001	1.000
2430	0.067	0.024	0.066	0.001	0.000	0.001	1.000
2432	0.067	0.024	0.066	0.001	0.000	0.001	1.000
2433	0.067	0.024	0.066	0.001	0.000	0.001	1.000
2435	0.067	0.024	0.066	0.001	0.000	0.001	1.000
2437	0.067	0.024	0.066	0.001	0.000	0.001	1.000
2438	0.067	0.024	0.066	0.001	0.000	0.001	1.000
2440	0.067	0.024	0.066	0.001	0.000	0.001	1.000
2441	0.067	0.024	0.066	0.001	0.000	0.001	1.000
2442	0.067	0.024	0.066	0.001	0.000	0.001	1.000
2444	0.067	0.024	0.066	0.001	0.000	0.001	1.000
2446	0.067	0.024	0.066	0.001	0.000	0.001	1.000
2447	0.067	0.024	0.066	0.001	0.000	0.001	1.000
2449	0.067	0.024	0.066	0.001	0.000	0.001	1.000
2451	0.067	0.024	0.066	0.001	0.000	0.001	1.000
2452	0.067	0.024	0.066	0.001	0.000	0.001	1.000
2454	0.067	0.024	0.066	0.001	0.000	0.001	1.000
2455	0.067	0.024	0.066	0.001	0.000	0.001	1.000
2457	0.067	0.024	0.066	0.001	0.000	0.001	1.000
2458	0.067	0.024	0.066	0.001	0.000	0.001	1.000
2460	0.067	0.024	0.066	0.001	0.000	0.001	1.000
2462	0.067	0.024	0.066	0.001	0.000	0.001	1.000
2463	0.067	0.024	0.066	0.001	0.000	0.001	1.000
2465	0.067	0.024	0.066	0.001	0.000	0.001	1.000
2466	0.067	0.024	0.066	0.001	0.000	0.001	1.000
2467	0.067	0.024	0.066	0.001	0.000	0.001	1.000
2469	0.067	0.024	0.066	0.001	0.000	0.001	1.000
2470	0.067	0.024	0.066	0.001	0.000	0.001	1.000
2472	0.067	0.024	0.066	0.001	0.000	0.001	1.000
2473	0.067	0.024	0.066	0.001	0.000	0.001	1.000
2474	0.067	0.024	0.066	0.001	0.000	0.001	1.000
2476	0.067	0.024	0.066	0.001	0.000	0.001	1.000
2477	0.067	0.024	0.066	0.001	0.000	0.001	1.000
2479	0.067	0.024	0.066	0.001	0.000	0.001	1.000
2480	0.067	0.024	0.066	0.001	0.000	0.001	1.000
2481	0.067	0.024	0.066	0.001	0.000	0.001	1.000
2483	0.067	0.024	0.066	0.001	0.000	0.001	1.000
2484	0.067	0.024	0.066	0.001	0.000	0.001	1.000
2486	0.067	0.024	0.066	0.001	0.000	0.001	1.000
2487	0.067	0.024	0.066	0.001	0.000	0.001	1.000
2489	0.067	0.024	0.066	0.001	0.000	0.001	1.000
2490	0.067	0.024	0.066	0.001	0.000	0.001	1.000
2492	0.067	0.024	0.066	0.001	0.000	0.001	1.000
2494	0.067	0.024	0.066	0.001	0.000	0.001	1.000
2495	0.067	0.024	0.066	0.001	0.000	0.001	1.000
2497	0.067	0.024	0.066	0.001	0.000	0.001	1.000
2498	0.067	0.024	0.066	0.001	0.000	0.001	1.000
2500	0.067	0.024	0.066	0.001	0.000	0.001	1.000
2501	0.067	0.024	0.066	0.001	0.000	0.001	1.000
2503	0.067	0.024	0.066	0.001	0.000	0.001	1.000
2504	0.067	0.024	0.066	0.001	0.000	0.001	1.000
2506	0.067	0.024	0.066	0.001	0.000	0.001	1.000
2507	0.067	0.024	0.066	0.001	0.000	0.001	1.000
2509	0.067	0.024	0.066	0.001	0.000	0.001	1.000
2510	0.067	0.024	0.066	0.001	0.000	0.001	1.000
2512	0.067	0.024	0.066	0.001	0.000	0.001	1.000
2513	0.067	0.024	0.066	0.001	0.000	0.001	1.000
2515	0.067	0.024	0.066	0.001	0.000	0.001	1.000
2516	0.067	0.024	0.066	0.001	0.000	0.001	1.000
2518	0.067	0.024	0.066	0.001	0.000	0.001	1.000
2519	0.067	0.024	0.066	0.001	0.000	0.001	1.000
2521	0.067	0.024	0.066	0.001	0.000	0.001	1.000
2522	0.067	0.024	0.066	0.001	0.000	0.001	1.000
2523	0.067	0.024	0.066	0.001	0.000	0.001	1.000
2525	0.067	0.024	0.066	0.001	0.000	0.001	1.000
2527	0.067	0.024	0.066	0.001	0.000	0.001	1.000
2528	0.067	0.024	0.066	0.001	0.000	0.001	1.000
2530	0.067	0.024	0.066	0.001	0.000	0.001	1.000
2531	0.067	0.024	0.066	0.001	0.000	0.001	1.000
2532	0.067	0.024	0.066	0.001	0.000	0.001	1.000
2533	0.067	0.024	0.066	0.001	0.000	0.001	1.000
2535	0.067	0.024	0.066	0.001	0.000	0.001	1.000
2537	0.067	0.024	0.066	0.001	0.000	0.001	1.000
2538	0.067	0.024	0.066	0.001	0.000	0.001	1.000
2540	0.067	0.024	0.066	0.001	0.000	0.001	1.000
2541	0.067	0.024	0.066	0.001	0.000	0.001	1.000
2542	0.067	0.024	0.066	0.001	0.000	0.001	1.000
2544	0.067	0.024	0.066	0.001	0.000	0.001	1.000
2545	0.067	0.024	0.066	0.001	0.000	0.001	1.000
2547	0.067	0.024	0.066	0.001	0.000	0.001	1.000
2548	0.067	0.024	0.066	0.001	0.000	0.001	1.000
2550	0.067	0.024	0.066	0.001	0.000	0.001	1.000
2551	0.067	0.024	0.066	0.001	0.000	0.001	1.000
2553	0.067	0.024	0.066	0.001	0.000	0.001	1.000
2554	0.067	0.024	0.066	0.001	0.000	0.001	1.000
2556	0.067	0.024	0.066	0.001	0.000	0.001	1.000
2557	0.067	0.024	0.066	0.001	0.000	0.001	1.000
2559	0.067	0.024	0.066	0.001	0.000	0.001	1.000
2560	0.067	0.024	0.066	0.001	0.000	0.001	1.000
2562	0.067	0.024	0.066	0.001	0.000	0.001	1.000
2564	0.067	0.024	0.066	0.001	0.000	0.001	1.000
2565	0.067	0.024	0.066	0.001	0.000	0.001	1.000
2566	0.067	0.024	0.066	0.001	0.000	0.001	1.000
2568	0.067	0.024	0.066	0.001	0.000	0.001	1.000
2569	0.067	0.024	0.066	0.001	0.000	0.001	1.000
2571	0.067	0.024	0.066	0.001	0.000	0.001	1.000
2572	0.067	0.024	0.066	0.001	0.000	0.001	1.000
2574	0.067	0.024	0.066	0.001	0.000	0.001	1.000
2575	0.067	0.024	0.066	0.001	0.000	0.001	1.000
2576	0.067	0.024	0.066	0.001	0.000	0.001	1.000
2578	0.067	0.024	0.066	0.001	0.000	0.001	1.000
2579	0.067	0.024	0.066	0.001	0.000	0.001	1.000
2581	0.067	0.024	0.066	0.001	0.000	0.001	1.000
2582	0.067	0.024	0.066	0.001	0.000	0.001	1.000
2584	0.067	0.024	0.066	0.001	0.000	0.001	1.000
2585	0.067	0.024	0.066	0.001	0.000	0.001	1.000
2587	0.067	0.024	0.066	0.001	0.000	0.001	1.000
2588	0.067	0.024	0.066	0.001	0.000	0.001	1.000
2590	0.067	0.024	0.066	0.001	0.000	0.001	1.000
2591	0.067	0.024	0.066	0.001	0.000	0.001	1.000
2593	0.067	0.024	0.066	0.001	0.000	0.001	1.000
2594	0.067	0.024	0.066	0.001	0.000	0.001	1.000
2596	0.067	0.024	0.066	0.001	0.000	0.001	1.000
2597	0.067	0.024	0.066	0.001	0.000	0.001	1.000
2599	0.067	0.024	0.066	0.001	0.000	0.001	1.000
2600	0.067	0.024	0.066	0.001	0.000	0.001	1.000
2602	0.067	0.024	0.066	0.001	0.000	0.001	1.000
2603	0.067	0.024	0.066	0.001	0.000	0.001	1.000
2605	0.067	0.024	0.066	0.001	0.000	0.001	1.000
2606	0.067	0.024	0.066	0.001	0.000	0.001	1.000
2608	0.067	0.024	0.066	0.001	0.000	0.001	1.000
2610	0.067	0.024	0.066	0.001	0.000	0.001	1.000
2611	0.067	0.024	0.066	0.001	0.000	0.001	1.000
2612	0.067	0.024	0.066	0.001	0.000	0.001	1.000
2614	0.067	0.024	0.066	0.001	0.000	0.001	1.000
2615	0.067	0.024	0.066	0.001	0.000	0.001	1.000
2617	0.067	0.024	0.066	0.001	0.000	0.001	1.000
2618	0.067	0.024	0.066	0.001	0.000	0.001	1.000
2620	0.067	0.024	0.066	0.001	0.000	0.001	1.000
2622	0.067	0.024	0.066	0.001	0.000	0.001	1.000
2623	0.067	0.024	0.066	0.001	0.000	0.001	1.000
2625	0.067	0.024	0.066	0.001	0.000	0.001	1.000
2626	0.067	0.024	0.066	0.001	0.000	0.001	1.000
2628	0.067	0.024	0.066	0.001	0.000	0.001	1.000
2629	0.067	0.024	0.066	0.001	0.000	0.001	1.000
2631	0.067	0.024	0.066	0.001	0.000	0.001	1.000
2632	0.067	0.024	0.066	0.001	0.000	0.001	1.000
2634	0.067	0.024	0.066	0.001	0.000	0.001	1.000
2635	0.067	0.024	0.066	0.001	0.000	0.001	1.000
2637	0.067	0.024	0.066	0.001	0.000	0.001	1.000
2639	0.067	0.024	0.066	0.001	0.000	0.001	1.000
2640	0.067	0.024	0.066	0.001	0.000	0.001	1.000
2642	0.067	0.024	0.066	0.001	0.000	0.001	1.000
2644	0.067	0.024	0.066	0.001	0.000	0.001	1.000
2645	0.067	0.024	0.066	0.001	0.000	0.001	1.000
2647	0.067	0.024	0.066	0.001	0.000	0.001	1.000
2652	0.067	0.024	0.066	0.001	0.000	0.001	1.000
2653	0.067	0.024	0.066	0.001	0.000	0.001	1.000
2655	0.067	0.024	0.066	0.001	0.000	0.001	1.000
2656	0.067	0.024	0.066	0.001	0.000	0.001	1.000
2657	0.067	0.024	0.066	0.001	0.000	0.001	1.000
2658	0.067	0.024	0.066	0.001	0.000	0.001	1.000
2659	0.067	0.024	0.066	0.001	0.000	0.001	1.000
2661	0.067	0.024	0.066	0.001	0.000	0.001	1.000
2662	0.067	0.024	0.066	0.001	0.000	0.001	1.000
2664	0.067	0.024	0.066	0.001	0.000	0.001	1.000
2665	0.067	0.024	0.066	0.001	0.000	0.001	1.000
2667	0.067	0.024	0.066	0.001	0.000	0.001	1.000
2668	0.067	0.024	0.066	0.001	0.000	0.001	1.000
2670	0.067	0.024	0.066	0.001	0.000	0.001	1.000
2671	0.067	0.024	0.066	0.001	0.000	0.001	1.000
2673	0.067	0.024	0.066	0.001	0.000	0.001	1.000
2674	0.067	0.024	0.066	0.001	0.000	0.001	1.000
2676	0.067	0.024	0.066	0.001	0.000	0.001	1.000
2677	0.067	0.024	0.066	0.001	0.000	0.001	1.000
2678	0.067	0.024	0.066	0.001	0.000	0.001	1.000
2680	0.067	0.024	0.066	0.001	0.000	0.001	1.000
2681	0.067	0.024	0.066	0.001	0.000	0.001	1.000
2683	0.067	0.024	0.066	0.001	0.000	0.001	1.000
2684	0.067	0.024	0.066	0.001	0.000	0.001	1.000
2686	0.067	0.024	0.066	0.001	0.000	0.001	1.000
2687	0.067	0.024	0.066	0.001	0.000	0.001	1.000
2689	0.067	0.024	0.066	0.001	0.000	0.001	1.000
2690	0.067	0.024	0.066	0.001	0.000	0.001	1.000
2691	0.067	0.024	0.066	0.001	0.000	0.001	1.000
2693	0.067	0.024	0.066	0.001	0.000	0.001	1.000
2694	0.067	0.024	0.066	0.001	0.000	0.001	1.000
2696	0.067	0.024	0.066	0.001	0.000	0.001	1.000
2698	0.067	0.024	0.066	0.001	0.000	0.001	1.000
2699	0.067	0.024	0.066	0.001	0.000	0.001	1.000
2701	0.067	0.024	0.066	0.001	0.000	0.001	1.000
2702	0.067	0.024	0.066	0.001	0.000	0.001	1.000
2704	0.067	0.024	0.066	0.001	0.000	0.001	1.000
2705	0.067	0.024	0.066	0.001	0.000	0.001	1.000
2706	0.067	0.024	0.066	0.001	0.000	0.001	1.000
2708	0.067	0.024	0.066	0.001	0.000	0.001	1.000
2709	0.067	0.024	0.066	0.001	0.000	0.001	1.000
2711	0.067	0.024	0.066	0.001	0.000	0.001	1.000
2712	0.067	0.024	0.066	0.001	0.000	0.001	1.000
2714	0.067	0.024	0.066	0.001	0.000	0.001	1.000
2715	0.067	0.024	0.066	0.001	0.000	0.001	1.000
2717	0.067	0.024	0.066	0.001	0.000	0.001	1.000
2718	0.067	0.024	0.066	0.001	0.000	0.001	1.000
2720	0.067	0.024	0.066	0.001	0.000	0.001	1.000
2722	0.067	0.024	0.066	0.001	0.000	0.001	1.000
2723	0.067	0.024	0.066	0.001	0.000	0.001	1.000
2725	0.067	0.024	0.066	0.001	0.000	0.001	1.000
2727	0.067	0.024	0.066	0.001	0.000	0.001	1.000
2728	0.067	0.024	0.066	0.001	0.000	0.001	1.000
2730	0.067	0.024	0.066	0.001	0.000	0.001	1.000
2732	0.067	0.024	0.066	0.001	0.000	0.001	1.000
2733	0.067	0.024	0.066	0.001	0.000	0.001	1.000
2735	0.067	0.024	0.066	0.001	0.000	0.001	1.000
2737	0.067	0.024	0.066	0.001	0.000	0.001	1.000
2738	0.067	0.024	0.066	0.001	0.000	0.001	1.000
2740	0.067	0.024	0.066	0.001	0.000	0.001	1.000
2741	0.067	0.024	0.066	0.001	0.000	0.001	1.000
2743	0.067	0.024	0.066	0.001	0.000	0.001	1.000
2745	0.067	0.024	0.066	0.001	0.000	0.001	1.000
2746	0.067	0.024	0.066	0.001	0.000	0.001	1.000
2748	0.067	0.024	0.066	0.001	0.000	0.001	1.000
2749	0.067	0.024	0.066	0.001	0.000	0.001	1.000
2751	0.067	0.024	0.066	0.001	0.000	0.001	1.000
2753	0.067	0.024	0.066	0.001	0.000	0.001	1.000
2754	0.067	0.024	0.066	0.001	0.000	0.001	1.000
2756	0.067	0.024	0.066	0.001	0.000	0.001	1.000
2757	0.067	0.024	0.066	0.001	0.000	0.001	1.000
2759	0.067	0.024	0.066	0.001	0.000	0.001	1.000
2760	0.067	0.024	0.066	0.001	0.000	0.001	1.000
2762	0.067	0.024	0.066	0.001	0.000	0.001	1.000
2763	0.067	0.024	0.066	0.001	0.000	0.001	1.000
2764	0.067	0.024	0.066	0.001	0.000	0.001	1.000
2766	0.067	0.024	0.066	0.001	0.000	0.001	1.000
2767	0.067	0.024	0.066	0.001	0.000	0.001	1.000
2769	0.067	0.024	0.066	0.001	0.000	0.001	1.000
2770	0.067	0.024	0.066	0.001	0.000	0.001	1.000
2771	0.067	0.024	0.066	0.001	0.000	0.001	1.000
2773	0.067	0.024	0.066	0.001	0.000	0.001	1.000
2774	0.067	0.024	0.066	0.001	0.000	0.001	1.000
2775	0.067	0.024	0.066	0.001	0.000	0.001	1.000
2776	0.067	0.024	0.066	0.001	0.000	0.001	1.000
2778	0.067	0.024	0.066	0.001	0.000	0.001	1.000
2779	0.067	0.024	0.066	0.001	0.000	0.001	1.000
2781	0.067	0.024	0.066	0.001	0.000	0.001	1.000
2782	0.067	0.024	0.066	0.001	0.000	0.001	1.000
2784	0.067	0.024	0.066	0.001	0.000	0.001	1.000
2785	0.067	0.024	0.066	0.001	0.000	0.001	1.000
2787	0.067	0.024	0.066	0.001	0.000	0.001	1.000
2789	0.067	0.024	0.066	0.001	0.000	0.001	1.000
2790	0.067	0.024	0.066	0.001	0.000	0.001	1.000
2792	0.067	0.024	0.066	0.001	0.000	0.001	1.000
2793	0.067	0.024	0.066	0.001	0.000	0.001	1.000
2795	0.067	0.024	0.066	0.001	0.000	0.001	1.000
2797	0.067	0.024	0.066	0.001	0.000	0.001	1.000
2798	0.067	0.024	0.066	0.001	0.000	0.001	1.000
2800	0.067	0.024	0.066	0.001	0.000	0.001	1.000
2801	0.067	0.024	0.066	0.001	0.000	0.001	1.000
2802	0.067	0.024	0.066	0.001	0.000	0.001	1.000
2804	0.067	0.024	0.066	0.001	0.000	0.001	1.000
2805	0.067	0.024	0.066	0.001	0.000	0.001	1.000
2806	0.067	0.024	0.066	0.001	0.000	0.001	1.000
2808	0.067	0.024	0.066	0.001	0.000	0.001	1.000
2809	0.067	0.024	0.066	0.001	0.000	0.001	1.000
2811	0.067	0.024	0.066	0.001	0.000	0.001	1.000
2812	0.067	0.024	0.066	0.001	0.000	0.001	1.000
2814	0.067	0.024	0.066	0.001	0.000	0.001	1.000
2815	0.067	0.024	0.066	0.001	0.000	0.001	1.000
2817	0.067	0.024	0.066	0.001	0.000	0.001	1.000
2818	0.067	0.024	0.066	0.001	0.000	0.001	1.000
2820	0.067	0.024	0.066	0.001	0.000	0.001	1.000
2821	0.067	0.024	0.066	0.001	0.000	0.001	1.000
2823	0.067	0.024	0.066	0.001	0.000	0.001	1.000
2824	0.067	0.024	0.066	0.001	0.000	0.001	1.000
2825	0.067	0.024	0.066	0.001	0.000	0.001	1.000
2827	0.067	0.024	0.066	0.001	0.000	0.001	1.000
2828	0.067	0.024	0.066	0.001	0.000	0.001	1.000
2830	0.067	0.024	0.066	0.001	0.000	0.001	1.000
2831	0.067	0.024	0.066	0.001	0.000	0.001	1.000
2833	0.067	0.024	0.066	0.001	0.000	0.001	1.000
2834	0.067	0.024	0.066	0.001	0.000	0.001	1.000
2836	0.067	0.024	0.066	0.001	0.000	0.001	1.000
2837	0.067	0.024	0.066	0.001	0.000	0.001	1.000
2839	0.067	0.024	0.066	0.001	0.000	0.001	1.000
2840	0.067	0.024	0.066	0.001	0.000	0.001	1.000
2842	0.067	0.024	0.066	0.001	0.000	0.001	1.000
2843	0.067	0.024	0.066	0.001	0.000	0.001	1.000
2845	0.067	0.024	0.066	0.001	0.000	0.001	1.000
2846	0.067	0.024	0.066	0.001	0.000	0.001	1.000
2848	0.067	0.024	0.066	0.001	0.000	0.001	1.000
2850	0.067	0.024	0.066	0.001	0.000	0.001	1.000
2851	0.067	0.024	0.066	0.001	0.000	0.001	1.000
2853	0.067	0.024	0.066	0.001	0.000	0.001	1.000
2854	0.067	0.024	0.066	0.001	0.000	0.001	1.000
2856	0.067	0.024	0.066	0.001	0.000	0.001	1.000
2857	0.067	0.024	0.066	0.001	0.000	0.001	1.000
2858	0.067	0.024	0.066	0.001	0.000	0.001	1.000
2860	0.067	0.024	0.066	0.001	0.000	0.001	1.000
2861	0.067	0.024	0.066	0.001	0.000	0.001	1.000
2863	0.067	0.024	0.066	0.001	0.000	0.001	1.000
2864	0.067	0.024	0.066	0.001	0.000	0.001	1.000
2866	0.067	0.024	0.066	0.001	0.000	0.001	1.000
2868	0.067	0.024	0.066	0.001	0.000	0.001	1.000
2869	0.067	0.024	0.066	0.001	0.000	0.001	1.000
2871	0.067	0.024	0.066	0.001	0.000	0.001	1.000
2872	0.067	0.024	0.066	0.001	0.000	0.001	1.000
2874	0.067	0.024	0.066	0.001	0.000	0.001	1.000
2875	0.067	0.024	0.066	0.001	0.000	0.001	1.000
2877	0.067	0.024	0.066	0.001	0.000	0.001	1.000
2878	0.067	0.024	0.066	0.001	0.000	0.001	1.000
2880	0.067	0.024	0.066	0.001	0.000	0.001	1.000
2881	0.067	0.024	0.066	0.001	0.000	0.001	1.000
2883	0.067	0.024	0.066	0.001	0.000	0.001	1.000
2884	0.067	0.024	0.066	0.001	0.000	0.001	1.000
2886	0.067	0.024	0.066	0.001	0.000	0.001	1.000
2888	0.067	0.024	0.066	0.001	0.000	0.001	1.000
2889	0.067	0.024	0.066	0.001	0.000	0.001	1.000
2890	0.067	0.024	0.066	0.001	0.000	0.001	1.000
2892	0.067	0.024	0.066	0.001	0.000	0.001	1.000
2894	0.067	0.024	0.066	0.001	0.000	0.001	1.000
2896	0.067	0.024	0.066	0.001	0.000	0.001	1.000
2897	0.067	0.024	0.066	0.001	0.000	0.001	1.000
2899	0.067	0.024	0.066	0.001	0.000	0.001	1.000
2900	0.067	0.024	0.066	0.001	0.000	0.001	1.000
2902	0.067	0.024	0.066	0.001	0.000	0.001	1.000
2904	0.067	0.024	0.066	0.001	0.000	0.001	1.000
2905	0.067	0.024	0.066	0.001	0.000	0.001	1.000
2907	0.067	0.024	0.066	0.001	0.000	0.001	1.000
2908	0.067	0.024	0.066	0.001	0.000	0.001	1.000
2910	0.067	0.024	0.066	0.001	0.000	0.001	1.000
2911	0.067	0.024	0.066	0.001	0.000	0.001	1.000
2913	0.067	0.024	0.066	0.001	0.000	0.001	1.000
2914	0.067	0.024	0.066	0.001	0.000	0.001	1.000
2915	0.067	0.024	0.066	0.001	0.000	0.001	1.000
2917	0.067	0.024	0.066	0.001	0.000	0.001	1.000
2918	0.067	0.024	0.066	0.001	0.000	0.001	1.000
2920	0.067	0.024	0.066	0.001	0.000	0.001	1.000
2921	0.067	0.024	0.066	0.001	0.000	0.001	1.000
2923	0.067	0.024	0.066	0.001	0.000	0.001	1.000
2924	0.067	0.024	0.066	0.001	0.000	0.001	1.000
2925	0.067	0.024	0.066	0.001	0.000	0.001	1.000
2927	0.067	0.024	0.066	0.001	0.000	0.001	1.000
2928	0.067	0.024	0.066	0.001	0.000	0.001	1.000
2930	0.067	0.024	0.066	0.001	0.000	0.001	1.000
2931	0.067	0.024	0.066	0.001	0.000	0.001	1.000
2932	0.067	0.024	0.066	0.001	0.000	0.001	1.000
2934	0.067	0.024	0.066	0.001	0.000	0.001	1.000
2935	0.067	0.024	0.066	0.001	0.000	0.001	1.000
2937	0.067	0.024	0.066	0.001	0.000	0.001	1.000
2938	0.067	0.024	0.066	0.001	0.000	0.001	1.000
2939	0.067	0.024	0.066	0.001	0.000	0.001	1.000
2941	0.067	0.024	0.066	0.001	0.000	0.001	1.000
2942	0.067	0.024	0.066	0.001	0.000	0.001	1.000
2944	0.067	0.024	0.066	0.001	0.000	0.001	1.000
2945	0.067	0.024	0.066	0.001	0.000	0.001	1.000
2947	0.067	0.024	0.066	0.001	0.000	0.001	1.000
2948	0.067	0.024	0.066	0.001	0.000	0.001	1.000
2950	0.067	0.024	0.066	0.001	0.000	0.001	1.000
2951	0.067	0.024	0.066	0.001	0.000	0.001	1.000
2953	0.067	0.024	0.066	0.001	0.000	0.001	1.000
2954	0.067	0.024	0.066	0.001	0.000	0.001	1.000
2956	0.067	0.024	0.066	0.001	0.000	0.001	1.000
2958	0.067	0.024	0.066	0.001	0.000	0.001	1.000
2959	0.067	0.024	0.066	0.001	0.000	0.001	1.000
2961	0.067	0.024	0.066	0.001	0.000	0.001	1.000
2962	0.067	0.024	0.066	0.001	0.000	0.001	1.000
2964	0.067	0.024	0.066	0.001	0.000	0.001	1.000
2966	0.067	0.024	0.066	0.001	0.000	0.001	1.000
2968	0.067	0.024	0.066	0.001	0.000	0.001	1.000
2969	0.067	0.024	0.066	0.001	0.000	0.001	1.000
2971	0.067	0.024	0.066	0.001	0.000	0.001	1.000
2972	0.067	0.024	0.066	0.001	0.000	0.001	1.000
2974	0.067	0.024	0.066	0.001	0.000	0.001	1.000
2976	0.067	0.024	0.066	0.001	0.000	0.001	1.000
2977	0.067	0.024	0.066	0.001	0.000	0.001	1.000
2979	0.067	0.024	0.066	0.001	0.000	0.001	1.000
2980	0.067	0.024	0.066	0.001	0.000	0.001	1.000
2982	0.067	0.024	0.066	0.001	0.000	0.001	1.000
2983	0.067	0.024	0.066	0.001	0.000	0.001	1.000
2985	0.067	0.024	0.066	0.001	0.000	0.001	1.000
2987	0.067	0.024	0.066	0.001	0.000	0.001	1.000
2988	0.067	0.024	0.066	0.001	0.000	0.001	1.000
2990	0.067	0.024	0.066	0.001	0.000	0.001	1.000
2992	0.067	0.024	0.066	0.001	0.000	0.001	1.000
2993	0.067	0.024	0.066	0.001	0.000	0.001	1.000
2994	0.067	0.024	0.066	0.001	0.000	0.001	1.000
2996	0.067	0.024	0.066	0.001	0.000	0.001	1.000
2997	0.067	0.024	0.066	0.001	0.000	0.001	1.000
2999	0.067	0.024	0.066	0.001	0.000	0.001	1.000
3000	0.067	0.024	0.066	0.001	0.000	0.001	1.000
3002	0.067	0.024	0.066	0.001	0.000	0.001	1.000
3003	0.067	0.024	0.066	0.001	0.000	0.001	1.000
3005	0.067	0.024	0.066	0.001	0.000	0.001	1.000
3007	0.067	0.024	0.066	0.001	0.000	0.001	1.000
3008	0.067	0.024	0.066	0.001	0.000	0.001	1.000
3010	0.067	0.024	0.066	0.001	0.000	0.001	1.000
3011	0.067	0.024	0.066	0.001	0.000	0.001	1.000
3013	0.067	0.024	0.066	0.001	0.000	0.001	1.000
3015	0.067	0.024	0.066	0.001	0.000	0.001	1.000
3016	0.067	0.024	0.066	0.001	0.000	0.001	1.000
3018	0.067	0.024	0.066	0.001	0.000	0.001	1.000
3020	0.067	0.024	0.066	0.001	0.000	0.001	1.000
3021	0.067	0.024	0.066	0.001	0.000	0.001	1.000
3023	0.067	0.024	0.066	0.001	0.000	0.001	1.000
3025	0.067	0.024	0.066	0.001	0.000	0.001	1.000
3026	0.067	0.024	0.066	0.001	0.000	0.001	1.000
3028	0.067	0.024	0.066	0.001	0.000	0.001	1.000
3030	0.067	0.024	0.066	0.001	0.000	0.001	1.000
3031	0.067	0.024	0.066	0.001	0.000	0.001	1.000
3033	0.067	0.024	0.066	0.001	0.000	0.001	1.000
3035	0.067	0.024	0.066	0.001	0.000	0.001	1.000
3036	0.067	0.024	0.066	0.001	0.000	0.001	1.000
3038	0.067	0.024	0.066	0.001	0.000	0.001	1.000
3040	0.067	0.024	0.066	0.001	0.000	0.001	1.000
3046	0.067	0.024	0.066	0.001	0.000	0.001	1.000
3047	0.067	0.024	0.066	0.001	0.000	0.001	1.000
3048	0.067	0.024	0.066	0.001	0.000	0.001	1.000
3050	0.067	0.024	0.066	0.001	0.000	0.001	1.000
3051	0.067	0.024	0.066	0.001	0.000	0.001	1.000
3052	0.067	0.024	0.066	0.001	0.000	0.001	1.000
3054	0.067	0.024	0.066	0.001	0.000	0.001	1.000
3055	0.067	0.024	0.066	0.001	0.000	0.001	1.000
3056	0.067	0.024	0.066	0.001	0.000	0.001	1.000
3058	0.067	0.024	0.066	0.001	0.000	0.001	1.000
3059	0.067	0.024	0.066	0.001	0.000	0.001	1.000
3061	0.067	0.024	0.066	0.001	0.000	0.001	1.000
3062	0.067	0.024	0.066	0.001	0.000	0.001	1.000
3064	0.067	0.024	0.066	0.001	0.000	0.001	1.000
3065	0.067	0.024	0.066	0.001	0.000	0.001	1.000
3066	0.067	0.024	0.066	0.001	0.000	0.001	1.000
3068	0.067	0.024	0.066	0.001	0.000	0.001	1.000
3069	0.067	0.024	0.066	0.001	0.000	0.001	1.000
3071	0.067	0.024	0.066	0.001	0.000	0.001	1.000
3072	0.067	0.024	0.066	0.001	0.000	0.001	1.000
3073	0.067	0.024	0.066	0.001	0.000	0.001	1.000
3075	0.067	0.024	0.066	0.001	0.000	0.001	1.000
3076	0.067	0.024	0.066	0.001	0.000	0.001	1.000
3078	0.067	0.024	0.066	0.001	0.000	0.001	1.000
3079	0.067	0.024	0.066	0.001	0.000	0.001	1.000
3081	0.067	0.024	0.066	0.001	0.000	0.001	1.000
3082	0.067	0.024	0.066	0.001	0.000	0.001	1.000
3083	0.067	0.024	0.066	0.001	0.000	0.001	1.000
3085	0.067	0.024	0.066	0.001	0.000	0.001	1.000
3086	0.067	0.024	0.066	0.001	0.000	0.001	1.000
3088	0.067	0.024	0.066	0.001	0.000	0.001	1.000
3089	0.067	0.024	0.066	0.001	0.000	0.001	1.000
3091	0.067	0.024	0.066	0.001	0.000	0.001	1.000
3092	0.067	0.024	0.066	0.001	0.000	0.001	1.000
3093	0.067	0.024	0.066	0.001	0.000	0.001	1.000
3095	0.067	0.024	0.066	0.001	0.000	0.001	1.000
3097	0.067	0.024	0.066	0.001	0.000	0.001	1.000
3098	0.067	0.024	0.066	0.001	0.000	0.001	1.000
3100	0.067	0.024	0.066	0.001	0.000	0.001	1.000
3101	0.067	0.024	0.066	0.001	0.000	0.001	1.000
3103	0.067	0.024	0.066	0.001	0.000	0.001	1.000
3104	0.067	0.024	0.066	0.001	0.000	0.001	1.000
3106	0.067	0.024	0.066	0.001	0.000	0.001	1.000
3107	0.067	0.024	0.066	0.001	0.000	0.001	1.000
3109	0.067	0.024	0.066	0.001	0.000	0.001	1.000
3110	0.067	0.024	0.066	0.001	0.000	0.001	1.000
3111	0.067	0.024	0.066	0.001	0.000	0.001	1.000
3113	0.067	0.024	0.066	0.001	0.000	0.001	1.000
3114	0.067	0.024	0.066	0.001	0.000	0.001	1.000
3116	0.067	0.024	0.066	0.001	0.000	0.001	1.000
3117	0.067	0.024	0.066	0.001	0.000	0.001	1.000
3119	0.067	0.024	0.066	0.001	0.000	0.001	1.000
3120	0.067	0.024	0.066	0.001	0.000	0.001	1.000
3122	0.067	0.024	0.066	0.001	0.000	0.001	1.000
3123	0.067	0.024	0.066	0.001	0.000	0.001	1.000
3125	0.067	0.024	0.066	0.001	0.000	0.001	1.000
3127	0.067	0.024	0.066	0.001	0.000	0.001	1.000
3128	0.067	0.024	0.066	0.001	0.000	0.001	1.000
3130	0.067	0.024	0.066	0.001	0.000	0.001	1.000
3131	0.067	0.024	0.066	0.001	0.000	0.001	1.000
3133	0.067	0.024	0.066	0.001	0.000	0.001	1.000
3134	0.067	0.024	0.066	0.001	0.000	0.001	1.000
3135	0.067	0.024	0.066	0.001	0.000	0.001	1.000
3137	0.067	0.024	0.066	0.001	0.000	0.001	1.000
3138	0.067	0.024	0.066	0.001	0.000	0.001	1.000
3139	0.067	0.024	0.066	0.001	0.000	0.001	1.000
3141	0.067	0.024	0.066	0.001	0.000	0.001	1.000
3142	0.067	0.024	0.066	0.001	0.000	0.001	1.000
3143	0.067	0.024	0.066	0.001	0.000	0.001	1.000
3145	0.067	0.024	0.066	0.001	0.000	0.001	1.000
3146	0.067	0.024	0.066	0.001	0.000	0.001	1.000
3148	0.067	0.024	0.066	0.001	0.000	0.001	1.000
3149	0.067	0.024	0.066	0.001	0.000	0.001	1.000
3151	0.067	0.024	0.066	0.001	0.000	0.001	1.000
3152	0.067	0.024	0.066	0.001	0.000	0.001	1.000
3153	0.067	0.024	0.066	0.001	0.000	0.001	1.000
3155	0.067	0.024	0.066	0.001	0.000	0.001	1.000
3156	0.067	0.024	0.066	0.001	0.000	0.001	1.000
3158	0.067	0.024	0.066	0.001	0.000	0.001	1.000
3159	0.067	0.024	0.066	0.001	0.000	0.001	1.000
3161	0.067	0.024	0.066	0.001	0.000	0.001	1.000
3162	0.067	0.024	0.066	0.001	0.000	0.001	1.000
3164	0.067	0.024	0.066	0.001	0.000	0.001	1.000
3165	0.067	0.024	0.066	0.001	0.000	0.001	1.000
3167	0.067	0.024	0.066	0.001	0.000	0.001	1.000
3168	0.067	0.024	0.066	0.001	0.000	0.001	1.000
3170	0.067	0.024	0.066	0.001	0.000	0.001	1.000
3172	0.067	0.024	0.066	0.001	0.000	0.001	1.000
3173	0.067	0.024	0.066	0.001	0.000	0.001	1.000
3175	0.067	0.024	0.066	0.001	0.000	0.001	1.000
3176	0.067	0.024	0.066	0.001	0.000	0.001	1.000
3178	0.067	0.024	0.066	0.001	0.000	0.001	1.000
3180	0.067	0.024	0.066	0.001	0.000	0.001	1.000
3181	0.067	0.024	0.066	0.001	0.000	0.001	1.000
3183	0.067	0.024	0.066	0.001	0.000	0.001	1.000
3184	0.067	0.024	0.066	0.001	0.000	0.001	1.000
3186	0.067	0.024	0.066	0.001	0.000	0.001	1.000
3187	0.067	0.024	0.066	0.001	0.000	0.001	1.000
3189	0.067	0.024	0.066	0.001	0.000	0.001	1.000
3190	0.067	0.024	0.066	0.001	0.000	0.001	1.000
3192	0.067	0.024	0.066	0.001	0.000	0.001	1.000
3193	0.067	0.024	0.066	0.001	0.000	0.001	1.000
3195	0.067	0.024	0.066	0.001	0.000	0.001	1.000
3196	0.067	0.024	0.066	0.001	0.000	0.001	1.000
3197	0.067	0.024	0.066	0.001	0.000	0.001	1.000
3199	0.067	0.024	0.066	0.001	0.000	0.001	1.000
3201	0.067	0.024	0.066	0.001	0.000	0.001	1.000
3202	0.067	0.024	0.066	0.001	0.000	0.001	1.000
3204	0.067	0.024	0.066	0.001	0.000	0.001	1.000
3205	0.067	0.024	0.066	0.001	0.000	0.001	1.000
3207	0.067	0.024	0.066	0.001	0.000	0.001	1.000
3209	0.067	0.024	0.066	0.001	0.000	0.001	1.000
3210	0.067	0.024	0.066	0.001	0.000	0.001	1.000
3212	0.067	0.024	0.066	0.001	0.000	0.001	1.000
3213	0.067	0.024	0.066	0.001	0.000	0.001	1.000
3215	0.067	0.024	0.066	0.001	0.000	0.001	1.000
3217	0.067	0.024	0.066	0.001	0.000	0.001	1.000
3218	0.067	0.024	0.066	0.001	0.000	0.001	1.000
3220	0.067	0.024	0.066	0.001	0.000	0.001	1.000
3221	0.067	0.024	0.066	0.001	0.000	0.001	1.000
3223	0.067	0.024	0.066	0.001	0.000	0.001	1.000
3224	0.067	0.024	0.066	0.001	0.000	0.001	1.000
3226	0.067	0.024	0.066	0.001	0.000	0.001	1.000
3228	0.067	0.024	0.066	0.001	0.000	0.001	1.000
3229	0.067	0.024	0.066	0.001	0.000	0.001	1.000
3231	0.067	0.024	0.066	0.001	0.000	0.001	1.000
3232	0.067	0.024	0.066	0.001	0.000	0.001	1.000
3233	0.067	0.024	0.066	0.001	0.000	0.001	1.000
3235	0.067	0.024	0.066	0.001	0.000	0.001	1.000
3237	0.067	0.024	0.066	0.001	0.000	0.001	1.000
3238	0.067	0.024	0.066	0.001	0.000	0.001	1.000
3240	0.067	0.024	0.066	0.001	0.000	0.001	1.000
3241	0.067	0.024	0.066	0.001	0.000	0.001	1.000
3243	0.067	0.024	0.066	0.001	0.000	0.001	1.000
3244	0.067	0.024	0.066	0.001	0.000	0.001	1.000
3246	0.067	0.024	0.066	0.001	0.000	0.001	1.000
3247	0.067	0.024	0.066	0.001	0.000	0.001	1.000
3248	0.067	0.024	0.066	0.001	0.000	0.001	1.000
3250	0.067	0.024	0.066	0.001	0.000	0.001	1.000
3252	0.067	0.024	0.066	0.001	0.000	0.001	1.000
325