24	0.000	0.000	0.000	0.000	0.000	0.000	1.000
28	0.000	0.000	0.000	0.000	0.000	0.000	1.000
31	0.000	0.000	0.000	0.000	0.000	0.000	1.000
35	0.000	0.000	0.000	0.000	0.000	0.000	1.000
39	0.000	0.000	0.000	0.000	0.000	0.000	1.000
43	0.000	0.000	0.000	0.000	0.000	0.000	1.000
45	0.000	0.000	0.000	0.000	0.000	0.000	1.000
48	0.000	0.000	0.000	0.000	0.000	0.000	1.000
52	0.000	0.000	0.000	0.000	0.000	0.000	1.000
55	0.000	0.000	0.000	0.000	0.000	0.000	1.000
58	0.000	0.000	0.000	0.000	0.000	0.000	1.000
61	0.000	0.000	0.000	0.000	0.000	0.000	1.000
64	0.000	0.000	0.000	0.000	0.000	0.000	1.000
67	0.000	0.000	0.000	0.000	0.000	0.000	1.000
71	0.000	0.000	0.000	0.000	0.000	0.000	1.000
73	0.000	0.000	0.000	0.000	0.000	0.000	1.000
76	0.000	0.000	0.000	0.000	0.000	0.000	1.000
79	0.000	0.000	0.000	0.000	0.000	0.000	1.000
83	0.000	0.000	0.000	0.000	0.000	0.000	1.000
85	0.000	0.000	0.000	0.000	0.000	0.000	1.000
87	0.000	0.000	0.000	0.000	0.000	0.000	1.000
89	0.000	0.000	0.000	0.000	0.000	0.000	1.000
92	0.000	0.000	0.000	0.000	0.000	0.000	1.000
96	0.000	0.000	0.000	0.000	0.000	0.000	1.000
98	0.000	0.000	0.000	0.000	0.000	0.000	1.000
100	0.000	0.000	0.000	0.000	0.000	0.000	1.000
103	0.000	0.000	0.000	0.000	0.000	0.000	1.000
106	0.000	0.000	0.000	0.000	0.000	0.000	1.000
108	0.000	0.000	0.000	0.000	0.000	0.000	1.000
110	0.000	0.000	0.000	0.000	0.000	0.000	1.000
112	0.000	0.000	0.000	0.000	0.000	0.000	1.000
114	0.000	0.000	0.000	0.000	0.000	0.000	1.000
117	0.000	0.000	0.000	0.000	0.000	0.000	1.000
118	0.000	0.000	0.000	0.000	0.000	0.000	1.000
120	0.000	0.000	0.000	0.000	0.000	0.000	1.000
122	0.000	0.000	0.000	0.000	0.000	0.000	1.000
124	0.000	0.000	0.000	0.000	0.000	0.000	1.000
126	0.000	0.000	0.000	0.000	0.000	0.000	1.000
128	0.000	0.000	0.000	0.000	0.000	0.000	1.000
130	0.000	0.000	0.000	0.000	0.000	0.000	1.000
133	0.000	0.000	0.000	0.000	0.000	0.000	1.000
135	0.000	0.000	0.000	0.000	0.000	0.000	1.000
137	0.000	0.000	0.000	0.000	0.000	0.000	1.000
139	0.000	0.000	0.000	0.000	0.000	0.000	1.000
142	0.000	0.000	0.000	0.000	0.000	0.000	1.000
144	0.000	0.000	0.000	0.000	0.000	0.000	1.000
146	0.000	0.000	0.000	0.000	0.000	0.000	1.000
150	0.000	0.000	0.000	0.000	0.000	0.000	1.000
152	0.000	0.000	0.000	0.000	0.000	0.000	1.000
154	0.000	0.000	0.000	0.000	0.000	0.000	1.000
156	0.000	0.000	0.000	0.000	0.000	0.000	1.000
158	0.000	0.000	0.000	0.000	0.000	0.000	1.000
161	0.000	0.000	0.000	0.000	0.000	0.000	1.000
165	0.000	0.000	0.000	0.000	0.000	0.000	1.000
167	0.000	0.000	0.000	0.000	0.000	0.000	1.000
169	0.000	0.000	0.000	0.000	0.000	0.000	1.000
171	0.000	0.000	0.000	0.000	0.000	0.000	1.000
173	0.000	0.000	0.000	0.000	0.000	0.000	1.000
175	0.000	0.000	0.000	0.000	0.000	0.000	1.000
177	0.000	0.000	0.000	0.000	0.000	0.000	1.000
179	0.000	0.000	0.000	0.000	0.000	0.000	1.000
182	0.000	0.000	0.000	0.000	0.000	0.000	1.000
184	0.000	0.000	0.000	0.000	0.000	0.000	1.000
186	0.000	0.000	0.000	0.000	0.000	0.000	1.000
188	0.000	0.000	0.000	0.000	0.000	0.000	1.000
190	0.000	0.000	0.000	0.000	0.000	0.000	1.000
192	0.000	0.000	0.000	0.000	0.000	0.000	1.000
194	0.000	0.000	0.000	0.000	0.000	0.000	1.000
196	0.000	0.000	0.000	0.000	0.000	0.000	1.000
198	0.000	0.000	0.000	0.000	0.000	0.000	1.000
200	0.000	0.000	0.000	0.000	0.000	0.000	1.000
201	0.000	0.000	0.000	0.000	0.000	0.000	1.000
203	0.000	0.000	0.000	0.000	0.000	0.000	1.000
205	0.000	0.000	0.000	0.000	0.000	0.000	1.000
206	0.000	0.000	0.000	0.000	0.000	0.000	1.000
208	0.000	0.000	0.000	0.000	0.000	0.000	1.000
210	0.000	0.000	0.000	0.000	0.000	0.000	1.000
212	0.000	0.000	0.000	0.000	0.000	0.000	1.000
214	0.000	0.000	0.000	0.000	0.000	0.000	1.000
216	0.000	0.000	0.000	0.000	0.000	0.000	1.000
218	0.000	0.000	0.000	0.000	0.000	0.000	1.000
219	0.000	0.000	0.000	0.000	0.000	0.000	1.000
221	0.000	0.000	0.000	0.000	0.000	0.000	1.000
223	0.000	0.000	0.000	0.000	0.000	0.000	1.000
224	0.000	0.000	0.000	0.000	0.000	0.000	1.000
226	0.000	0.000	0.000	0.000	0.000	0.000	1.000
227	0.000	0.000	0.000	0.000	0.000	0.000	1.000
229	0.000	0.000	0.000	0.000	0.000	0.000	1.000
232	0.000	0.000	0.000	0.000	0.000	0.000	1.000
234	0.000	0.000	0.000	0.000	0.000	0.000	1.000
235	0.000	0.000	0.000	0.000	0.000	0.000	1.000
237	0.000	0.000	0.000	0.000	0.000	0.000	1.000
239	0.000	0.000	0.000	0.000	0.000	0.000	1.000
242	0.000	0.000	0.000	0.000	0.000	0.000	1.000
243	0.000	0.000	0.000	0.000	0.000	0.000	1.000
245	0.000	0.000	0.000	0.000	0.000	0.000	1.000
247	0.000	0.000	0.000	0.000	0.000	0.000	1.000
248	0.000	0.000	0.000	0.000	0.000	0.000	1.000
250	0.000	0.000	0.000	0.000	0.000	0.000	1.000
252	0.000	0.000	0.000	0.000	0.000	0.000	1.000
253	0.000	0.000	0.000	0.000	0.000	0.000	1.000
255	0.000	0.000	0.000	0.000	0.000	0.000	1.000
257	0.000	0.000	0.000	0.000	0.000	0.000	1.000
258	0.059	0.034	0.077	0.070	0.019	0.030	0.997
260	0.059	0.034	0.077	0.070	0.019	0.030	0.997
262	0.059	0.034	0.077	0.070	0.019	0.030	0.997
263	0.059	0.034	0.077	0.070	0.019	0.030	0.997
265	0.059	0.034	0.077	0.070	0.019	0.030	0.997
267	0.059	0.034	0.077	0.070	0.019	0.030	0.997
269	0.059	0.034	0.077	0.070	0.019	0.030	0.997
271	0.059	0.034	0.077	0.070	0.019	0.030	0.997
273	0.059	0.034	0.077	0.070	0.019	0.030	0.997
275	0.059	0.034	0.077	0.070	0.019	0.030	0.997
277	0.059	0.034	0.077	0.070	0.019	0.030	0.997
278	0.059	0.034	0.077	0.070	0.019	0.030	0.997
280	0.059	0.034	0.077	0.070	0.019	0.030	0.997
282	0.059	0.034	0.077	0.070	0.019	0.030	0.997
284	0.059	0.034	0.077	0.070	0.019	0.030	0.997
285	0.059	0.034	0.077	0.070	0.019	0.030	0.997
287	0.059	0.034	0.077	0.070	0.019	0.030	0.997
289	0.059	0.034	0.077	0.070	0.019	0.030	0.997
293	0.059	0.034	0.077	0.070	0.019	0.030	0.997
295	0.059	0.034	0.077	0.070	0.019	0.030	0.997
296	0.059	0.034	0.077	0.070	0.019	0.030	0.997
299	0.059	0.034	0.077	0.070	0.019	0.030	0.997
301	0.059	0.034	0.077	0.070	0.019	0.030	0.997
303	0.059	0.034	0.077	0.070	0.019	0.030	0.997
305	0.059	0.034	0.077	0.070	0.019	0.030	0.997
307	0.059	0.034	0.077	0.070	0.019	0.030	0.997
311	0.059	0.034	0.077	0.070	0.019	0.030	0.997
312	0.059	0.034	0.077	0.070	0.019	0.030	0.997
314	0.059	0.034	0.077	0.070	0.019	0.030	0.997
316	0.059	0.034	0.077	0.070	0.019	0.030	0.997
318	0.059	0.034	0.077	0.070	0.019	0.030	0.997
319	0.059	0.034	0.077	0.070	0.019	0.030	0.997
321	0.059	0.034	0.077	0.070	0.019	0.030	0.997
323	0.059	0.034	0.077	0.070	0.019	0.030	0.997
324	0.059	0.034	0.077	0.070	0.019	0.030	0.997
326	0.059	0.034	0.077	0.070	0.019	0.030	0.997
328	0.059	0.034	0.077	0.070	0.019	0.030	0.997
329	0.059	0.034	0.077	0.070	0.019	0.030	0.997
331	0.059	0.034	0.077	0.070	0.019	0.030	0.997
333	0.059	0.034	0.077	0.070	0.019	0.030	0.997
334	0.059	0.034	0.077	0.070	0.019	0.030	0.997
336	0.059	0.034	0.077	0.070	0.019	0.030	0.997
338	0.059	0.034	0.077	0.070	0.019	0.030	0.997
340	0.059	0.034	0.077	0.070	0.019	0.030	0.997
341	0.059	0.034	0.077	0.070	0.019	0.030	0.997
343	0.059	0.034	0.077	0.070	0.019	0.030	0.997
345	0.059	0.034	0.077	0.070	0.019	0.030	0.997
346	0.059	0.034	0.077	0.070	0.019	0.030	0.997
348	0.059	0.034	0.077	0.070	0.019	0.030	0.997
350	0.059	0.034	0.077	0.070	0.019	0.030	0.997
351	0.059	0.034	0.077	0.070	0.019	0.030	0.997
353	0.059	0.034	0.077	0.070	0.019	0.030	0.997
355	0.059	0.034	0.077	0.070	0.019	0.030	0.997
356	0.059	0.034	0.077	0.070	0.019	0.030	0.997
358	0.059	0.034	0.077	0.070	0.019	0.030	0.997
360	0.059	0.034	0.077	0.070	0.019	0.030	0.997
362	0.059	0.034	0.077	0.070	0.020	0.030	0.997
363	0.059	0.034	0.077	0.070	0.020	0.030	0.997
365	0.059	0.034	0.077	0.070	0.020	0.030	0.997
366	0.059	0.034	0.077	0.070	0.020	0.030	0.997
368	0.059	0.034	0.077	0.070	0.020	0.030	0.997
370	0.059	0.034	0.077	0.070	0.019	0.030	0.997
371	0.059	0.034	0.077	0.070	0.019	0.030	0.997
373	0.059	0.034	0.077	0.070	0.019	0.030	0.997
375	0.059	0.034	0.077	0.070	0.019	0.030	0.997
377	0.059	0.034	0.077	0.070	0.020	0.030	0.997
378	0.059	0.034	0.077	0.070	0.020	0.030	0.997
380	0.059	0.034	0.077	0.070	0.020	0.030	0.997
382	0.059	0.034	0.077	0.070	0.020	0.030	0.997
383	0.059	0.034	0.077	0.070	0.020	0.030	0.997
385	0.059	0.034	0.077	0.070	0.020	0.030	0.997
386	0.059	0.034	0.077	0.070	0.020	0.030	0.997
388	0.059	0.034	0.077	0.070	0.020	0.030	0.997
389	0.059	0.034	0.077	0.070	0.020	0.030	0.997
391	0.059	0.034	0.077	0.070	0.020	0.030	0.997
392	0.059	0.034	0.077	0.070	0.020	0.030	0.997
394	0.059	0.034	0.077	0.070	0.020	0.030	0.997
396	0.059	0.034	0.077	0.070	0.019	0.030	0.997
397	0.059	0.034	0.077	0.070	0.020	0.030	0.997
399	0.059	0.034	0.077	0.070	0.020	0.030	0.997
400	0.059	0.034	0.077	0.070	0.020	0.030	0.997
402	0.059	0.034	0.077	0.070	0.020	0.030	0.997
403	0.059	0.034	0.077	0.070	0.020	0.030	0.997
405	0.059	0.034	0.077	0.070	0.020	0.030	0.997
406	0.059	0.034	0.077	0.070	0.020	0.030	0.997
408	0.059	0.034	0.077	0.070	0.020	0.030	0.997
410	0.059	0.034	0.077	0.070	0.020	0.030	0.997
411	0.059	0.034	0.077	0.070	0.019	0.030	0.997
413	0.059	0.034	0.077	0.070	0.019	0.030	0.997
414	0.059	0.034	0.077	0.070	0.019	0.030	0.997
416	0.059	0.034	0.077	0.070	0.020	0.030	0.997
417	0.059	0.034	0.077	0.070	0.020	0.030	0.997
419	0.059	0.034	0.077	0.070	0.020	0.030	0.997
421	0.059	0.034	0.077	0.070	0.020	0.030	0.997
422	0.059	0.034	0.077	0.070	0.020	0.030	0.997
424	0.059	0.034	0.077	0.070	0.019	0.030	0.997
425	0.059	0.034	0.077	0.070	0.020	0.030	0.997
427	0.059	0.034	0.077	0.070	0.020	0.030	0.997
428	0.059	0.034	0.077	0.070	0.019	0.030	0.997
430	0.059	0.034	0.077	0.070	0.019	0.030	0.997
432	0.059	0.034	0.077	0.070	0.019	0.030	0.997
433	0.059	0.034	0.077	0.070	0.020	0.030	0.997
435	0.059	0.034	0.077	0.070	0.020	0.030	0.997
436	0.059	0.034	0.077	0.070	0.019	0.030	0.997
438	0.059	0.034	0.077	0.070	0.019	0.030	0.997
439	0.059	0.034	0.077	0.070	0.019	0.030	0.997
441	0.059	0.034	0.077	0.070	0.019	0.030	0.997
442	0.059	0.034	0.077	0.070	0.019	0.030	0.997
444	0.059	0.034	0.077	0.070	0.019	0.030	0.997
445	0.059	0.034	0.077	0.070	0.019	0.030	0.997
447	0.059	0.034	0.077	0.070	0.020	0.030	0.997
448	0.059	0.034	0.077	0.070	0.020	0.030	0.997
450	0.059	0.034	0.077	0.070	0.020	0.030	0.997
451	0.059	0.034	0.077	0.070	0.020	0.030	0.997
452	0.059	0.034	0.077	0.070	0.020	0.030	0.997
454	0.059	0.034	0.077	0.070	0.020	0.030	0.997
456	0.059	0.034	0.077	0.070	0.019	0.030	0.997
457	0.059	0.034	0.077	0.070	0.019	0.030	0.997
459	0.059	0.034	0.077	0.070	0.019	0.030	0.997
460	0.059	0.034	0.077	0.070	0.019	0.030	0.997
462	0.059	0.034	0.077	0.070	0.019	0.030	0.997
464	0.059	0.034	0.077	0.070	0.019	0.030	0.997
467	0.059	0.034	0.077	0.070	0.019	0.030	0.997
469	0.059	0.034	0.077	0.070	0.020	0.030	0.997
470	0.059	0.034	0.077	0.070	0.020	0.030	0.997
472	0.059	0.034	0.077	0.070	0.020	0.030	0.997
473	0.059	0.034	0.077	0.070	0.020	0.030	0.997
475	0.059	0.034	0.077	0.070	0.020	0.030	0.997
477	0.059	0.034	0.077	0.070	0.020	0.030	0.997
478	0.059	0.034	0.077	0.070	0.019	0.030	0.997
480	0.059	0.034	0.077	0.070	0.019	0.030	0.997
481	0.059	0.034	0.077	0.070	0.019	0.030	0.997
483	0.059	0.034	0.077	0.070	0.020	0.030	0.997
484	0.059	0.034	0.077	0.070	0.020	0.030	0.997
486	0.059	0.034	0.077	0.070	0.020	0.030	0.997
487	0.059	0.034	0.077	0.070	0.020	0.030	0.997
489	0.059	0.034	0.077	0.070	0.020	0.030	0.997
490	0.059	0.034	0.077	0.070	0.020	0.030	0.997
492	0.059	0.034	0.077	0.070	0.020	0.030	0.997
493	0.059	0.034	0.077	0.070	0.020	0.030	0.997
495	0.059	0.034	0.077	0.070	0.019	0.030	0.997
496	0.059	0.034	0.077	0.070	0.020	0.030	0.997
498	0.059	0.034	0.077	0.070	0.020	0.030	0.997
499	0.059	0.034	0.077	0.070	0.020	0.030	0.997
501	0.059	0.034	0.077	0.070	0.020	0.030	0.997
502	0.059	0.034	0.077	0.070	0.020	0.030	0.997
504	0.059	0.034	0.077	0.070	0.020	0.030	0.997
505	0.059	0.034	0.077	0.070	0.020	0.030	0.997
507	0.059	0.034	0.077	0.070	0.020	0.030	0.997
508	0.059	0.034	0.077	0.070	0.020	0.030	0.997
510	0.059	0.034	0.077	0.070	0.020	0.030	0.997
511	0.059	0.034	0.077	0.070	0.020	0.030	0.997
513	0.059	0.034	0.077	0.070	0.020	0.030	0.997
514	0.059	0.034	0.077	0.070	0.020	0.030	0.997
516	0.059	0.034	0.077	0.070	0.020	0.030	0.997
517	0.059	0.034	0.077	0.070	0.020	0.030	0.997
519	0.059	0.034	0.077	0.070	0.020	0.030	0.997
520	0.059	0.034	0.077	0.070	0.020	0.030	0.997
522	0.059	0.034	0.077	0.070	0.020	0.030	0.997
523	0.059	0.034	0.077	0.070	0.020	0.030	0.997
525	0.059	0.034	0.077	0.070	0.020	0.030	0.997
526	0.059	0.034	0.077	0.070	0.020	0.030	0.997
528	0.059	0.034	0.077	0.070	0.020	0.030	0.997
529	0.059	0.034	0.077	0.070	0.020	0.030	0.997
530	0.059	0.034	0.077	0.070	0.020	0.030	0.997
532	0.059	0.034	0.077	0.070	0.020	0.030	0.997
533	0.059	0.034	0.077	0.070	0.020	0.030	0.997
535	0.059	0.034	0.077	0.070	0.020	0.030	0.997
536	0.059	0.034	0.077	0.070	0.020	0.030	0.997
538	0.059	0.034	0.077	0.070	0.020	0.030	0.997
539	0.059	0.034	0.077	0.070	0.020	0.030	0.997
540	0.059	0.034	0.077	0.070	0.020	0.030	0.997
542	0.059	0.034	0.077	0.070	0.020	0.030	0.997
543	0.059	0.034	0.077	0.070	0.020	0.030	0.997
545	0.059	0.034	0.077	0.070	0.020	0.030	0.997
546	0.059	0.034	0.077	0.070	0.020	0.030	0.997
548	0.059	0.034	0.077	0.070	0.020	0.030	0.997
549	0.059	0.034	0.077	0.070	0.020	0.030	0.997
551	0.059	0.034	0.077	0.070	0.020	0.030	0.997
552	0.059	0.034	0.077	0.070	0.020	0.030	0.997
554	0.059	0.034	0.077	0.070	0.020	0.030	0.997
555	0.059	0.034	0.077	0.070	0.020	0.030	0.997
557	0.059	0.034	0.077	0.070	0.020	0.030	0.997
558	0.059	0.034	0.077	0.070	0.020	0.030	0.997
560	0.059	0.034	0.077	0.070	0.020	0.030	0.997
561	0.059	0.034	0.077	0.070	0.020	0.030	0.997
563	0.059	0.034	0.077	0.070	0.020	0.030	0.997
564	0.059	0.034	0.077	0.070	0.020	0.030	0.997
566	0.059	0.034	0.077	0.070	0.020	0.030	0.997
567	0.059	0.034	0.077	0.070	0.020	0.030	0.997
568	0.059	0.034	0.077	0.070	0.020	0.030	0.997
570	0.059	0.034	0.077	0.070	0.020	0.030	0.997
571	0.059	0.034	0.077	0.070	0.020	0.030	0.997
573	0.059	0.034	0.077	0.070	0.020	0.030	0.997
574	0.059	0.034	0.077	0.070	0.020	0.030	0.997
576	0.059	0.034	0.077	0.070	0.020	0.030	0.997
577	0.059	0.034	0.077	0.070	0.020	0.030	0.997
579	0.059	0.034	0.077	0.070	0.020	0.030	0.997
580	0.059	0.034	0.077	0.070	0.020	0.030	0.997
581	0.059	0.034	0.077	0.070	0.020	0.030	0.997
583	0.059	0.034	0.077	0.070	0.020	0.030	0.997
584	0.059	0.034	0.077	0.070	0.020	0.030	0.997
586	0.059	0.034	0.077	0.070	0.020	0.030	0.997
587	0.059	0.034	0.077	0.070	0.020	0.030	0.997
589	0.059	0.034	0.077	0.070	0.020	0.030	0.997
590	0.059	0.034	0.077	0.070	0.020	0.030	0.997
591	0.059	0.034	0.077	0.070	0.020	0.030	0.997
593	0.059	0.034	0.077	0.070	0.020	0.030	0.997
594	0.059	0.034	0.077	0.070	0.020	0.030	0.997
595	0.059	0.034	0.077	0.070	0.020	0.030	0.997
597	0.059	0.034	0.077	0.070	0.020	0.030	0.997
598	0.059	0.034	0.077	0.070	0.020	0.030	0.997
600	0.059	0.034	0.077	0.070	0.020	0.030	0.997
601	0.059	0.034	0.077	0.070	0.020	0.030	0.997
603	0.059	0.034	0.077	0.070	0.020	0.030	0.997
604	0.059	0.034	0.077	0.070	0.020	0.030	0.997
605	0.059	0.034	0.077	0.070	0.020	0.030	0.997
607	0.059	0.034	0.077	0.070	0.020	0.030	0.997
608	0.059	0.034	0.077	0.070	0.020	0.030	0.997
610	0.059	0.034	0.077	0.070	0.020	0.030	0.997
611	0.059	0.034	0.077	0.070	0.020	0.030	0.997
613	0.059	0.034	0.077	0.070	0.020	0.030	0.997
614	0.059	0.034	0.077	0.070	0.020	0.030	0.997
615	0.059	0.034	0.077	0.070	0.020	0.030	0.997
617	0.059	0.034	0.077	0.070	0.020	0.030	0.997
618	0.059	0.034	0.077	0.070	0.020	0.030	0.997
620	0.059	0.034	0.077	0.070	0.020	0.030	0.997
621	0.059	0.034	0.077	0.070	0.020	0.030	0.997
623	0.059	0.034	0.077	0.070	0.020	0.030	0.997
624	0.059	0.034	0.077	0.070	0.020	0.030	0.997
626	0.059	0.034	0.077	0.070	0.020	0.030	0.997
627	0.059	0.034	0.077	0.070	0.020	0.030	0.997
629	0.059	0.034	0.077	0.070	0.020	0.030	0.997
630	0.059	0.034	0.077	0.070	0.020	0.030	0.997
632	0.059	0.034	0.077	0.070	0.020	0.030	0.997
633	0.059	0.034	0.077	0.070	0.020	0.030	0.997
634	0.059	0.034	0.077	0.070	0.020	0.030	0.997
636	0.059	0.034	0.077	0.070	0.020	0.030	0.997
637	0.059	0.034	0.077	0.070	0.020	0.030	0.997
639	0.059	0.034	0.077	0.070	0.020	0.030	0.997
640	0.059	0.034	0.077	0.070	0.020	0.030	0.997
642	0.059	0.034	0.077	0.070	0.020	0.030	0.997
643	0.059	0.034	0.077	0.070	0.020	0.030	0.997
644	0.059	0.034	0.077	0.070	0.020	0.030	0.997
646	0.059	0.034	0.077	0.070	0.020	0.030	0.997
647	0.059	0.034	0.077	0.070	0.020	0.030	0.997
649	0.059	0.034	0.077	0.070	0.020	0.030	0.997
650	0.059	0.034	0.077	0.070	0.020	0.030	0.997
652	0.059	0.034	0.077	0.070	0.020	0.030	0.997
653	0.059	0.034	0.077	0.070	0.020	0.030	0.997
655	0.059	0.034	0.077	0.070	0.020	0.030	0.997
656	0.059	0.034	0.077	0.070	0.020	0.030	0.997
658	0.059	0.034	0.077	0.070	0.020	0.030	0.997
659	0.059	0.034	0.077	0.070	0.020	0.030	0.997
661	0.059	0.034	0.077	0.070	0.020	0.030	0.997
662	0.059	0.034	0.077	0.070	0.020	0.030	0.997
664	0.059	0.034	0.077	0.070	0.020	0.030	0.997
665	0.059	0.034	0.077	0.070	0.020	0.030	0.997
666	0.059	0.034	0.077	0.070	0.020	0.030	0.997
668	0.059	0.034	0.077	0.070	0.020	0.030	0.997
669	0.059	0.034	0.077	0.070	0.020	0.030	0.997
671	0.059	0.034	0.077	0.070	0.020	0.030	0.997
672	0.059	0.034	0.077	0.070	0.020	0.030	0.997
674	0.059	0.034	0.077	0.070	0.020	0.030	0.997
675	0.059	0.034	0.077	0.070	0.020	0.030	0.997
677	0.059	0.034	0.077	0.070	0.020	0.030	0.997
678	0.059	0.034	0.077	0.070	0.020	0.030	0.997
680	0.059	0.034	0.077	0.070	0.020	0.030	0.997
681	0.059	0.034	0.077	0.070	0.020	0.030	0.997
683	0.059	0.034	0.077	0.070	0.020	0.030	0.997
684	0.059	0.034	0.077	0.070	0.020	0.030	0.997
686	0.059	0.034	0.077	0.070	0.020	0.030	0.997
688	0.059	0.034	0.077	0.070	0.020	0.030	0.997
689	0.059	0.034	0.077	0.070	0.020	0.030	0.997
691	0.059	0.034	0.077	0.070	0.020	0.030	0.997
692	0.059	0.034	0.077	0.070	0.020	0.030	0.997
694	0.059	0.034	0.077	0.070	0.020	0.030	0.997
695	0.059	0.034	0.077	0.070	0.020	0.030	0.997
699	0.059	0.034	0.077	0.070	0.020	0.030	0.997
704	0.059	0.034	0.077	0.070	0.020	0.030	0.997
709	0.059	0.034	0.077	0.070	0.020	0.030	0.997
710	0.059	0.034	0.077	0.070	0.020	0.030	0.997
712	0.059	0.034	0.077	0.070	0.020	0.030	0.997
714	0.059	0.034	0.077	0.070	0.020	0.030	0.997
715	0.059	0.034	0.077	0.070	0.020	0.030	0.997
717	0.059	0.034	0.077	0.070	0.020	0.030	0.997
718	0.059	0.034	0.077	0.070	0.020	0.030	0.997
720	0.059	0.034	0.077	0.070	0.020	0.030	0.997
721	0.059	0.034	0.077	0.070	0.020	0.030	0.997
723	0.059	0.034	0.077	0.070	0.020	0.030	0.997
724	0.059	0.034	0.077	0.070	0.020	0.030	0.997
726	0.059	0.034	0.077	0.070	0.020	0.030	0.997
727	0.059	0.034	0.077	0.070	0.020	0.030	0.997
729	0.059	0.034	0.077	0.070	0.020	0.030	0.997
730	0.059	0.034	0.077	0.070	0.020	0.030	0.997
732	0.059	0.034	0.077	0.070	0.020	0.030	0.997
733	0.059	0.034	0.077	0.070	0.020	0.030	0.997
734	0.059	0.034	0.077	0.070	0.020	0.030	0.997
736	0.059	0.034	0.077	0.070	0.020	0.030	0.997
740	0.059	0.034	0.077	0.070	0.020	0.030	0.997
742	0.059	0.034	0.077	0.070	0.020	0.030	0.997
743	0.059	0.034	0.077	0.070	0.020	0.030	0.997
745	0.059	0.034	0.077	0.070	0.020	0.030	0.997
746	0.059	0.034	0.077	0.070	0.020	0.030	0.997
748	0.059	0.034	0.077	0.070	0.020	0.030	0.997
750	0.059	0.034	0.077	0.070	0.020	0.030	0.997
751	0.059	0.034	0.077	0.070	0.020	0.030	0.997
752	0.059	0.034	0.077	0.070	0.020	0.030	0.997
754	0.059	0.034	0.077	0.070	0.020	0.030	0.997
755	0.059	0.034	0.077	0.070	0.020	0.030	0.997
756	0.059	0.034	0.077	0.070	0.020	0.030	0.997
758	0.059	0.034	0.077	0.070	0.020	0.030	0.997
759	0.059	0.034	0.077	0.070	0.020	0.030	0.997
760	0.059	0.034	0.077	0.070	0.020	0.030	0.997
762	0.059	0.034	0.077	0.070	0.020	0.030	0.997
763	0.059	0.034	0.077	0.070	0.020	0.030	0.997
765	0.059	0.034	0.077	0.070	0.020	0.030	0.997
766	0.059	0.034	0.077	0.070	0.020	0.030	0.997
767	0.059	0.034	0.077	0.070	0.020	0.030	0.997
769	0.059	0.034	0.077	0.070	0.020	0.030	0.997
770	0.059	0.034	0.077	0.070	0.020	0.030	0.997
771	0.059	0.034	0.077	0.070	0.020	0.030	0.997
773	0.059	0.034	0.077	0.070	0.020	0.030	0.997
774	0.059	0.034	0.077	0.070	0.020	0.030	0.997
775	0.059	0.034	0.077	0.070	0.020	0.030	0.997
777	0.059	0.034	0.077	0.070	0.020	0.030	0.997
778	0.059	0.034	0.077	0.070	0.020	0.030	0.997
780	0.059	0.034	0.077	0.070	0.020	0.030	0.997
781	0.059	0.034	0.077	0.070	0.020	0.030	0.997
783	0.059	0.034	0.077	0.070	0.020	0.030	0.997
784	0.059	0.034	0.077	0.070	0.020	0.030	0.997
785	0.059	0.034	0.077	0.070	0.020	0.030	0.997
787	0.059	0.034	0.077	0.070	0.020	0.030	0.997
788	0.059	0.034	0.077	0.070	0.020	0.030	0.997
790	0.059	0.034	0.077	0.070	0.020	0.030	0.997
791	0.059	0.034	0.077	0.070	0.020	0.030	0.997
793	0.059	0.034	0.077	0.070	0.020	0.030	0.997
794	0.059	0.034	0.077	0.070	0.020	0.030	0.997
796	0.059	0.034	0.077	0.070	0.020	0.030	0.997
797	0.059	0.034	0.077	0.070	0.020	0.030	0.997
799	0.059	0.034	0.077	0.070	0.020	0.030	0.997
800	0.059	0.034	0.077	0.070	0.020	0.030	0.997
802	0.059	0.034	0.077	0.070	0.020	0.030	0.997
803	0.059	0.034	0.077	0.070	0.020	0.030	0.997
805	0.059	0.034	0.077	0.070	0.020	0.030	0.997
806	0.059	0.034	0.077	0.070	0.020	0.030	0.997
808	0.059	0.034	0.077	0.070	0.020	0.030	0.997
809	0.059	0.034	0.077	0.070	0.020	0.030	0.997
810	0.059	0.034	0.077	0.070	0.020	0.030	0.997
812	0.059	0.034	0.077	0.070	0.020	0.030	0.997
813	0.059	0.034	0.077	0.070	0.020	0.030	0.997
815	0.059	0.034	0.077	0.070	0.020	0.030	0.997
816	0.059	0.034	0.077	0.070	0.020	0.030	0.997
817	0.059	0.034	0.077	0.070	0.020	0.030	0.997
819	0.059	0.034	0.077	0.070	0.020	0.030	0.997
820	0.059	0.034	0.077	0.070	0.020	0.030	0.997
821	0.059	0.034	0.077	0.070	0.020	0.030	0.997
823	0.059	0.034	0.077	0.070	0.020	0.030	0.997
824	0.059	0.034	0.077	0.070	0.020	0.030	0.997
826	0.059	0.034	0.077	0.070	0.020	0.030	0.997
827	0.059	0.034	0.077	0.070	0.020	0.030	0.997
829	0.059	0.034	0.077	0.070	0.020	0.030	0.997
830	0.059	0.034	0.077	0.070	0.020	0.030	0.997
832	0.059	0.034	0.077	0.070	0.020	0.030	0.997
833	0.059	0.034	0.077	0.070	0.020	0.030	0.997
834	0.059	0.034	0.077	0.070	0.020	0.030	0.997
836	0.059	0.034	0.077	0.070	0.020	0.030	0.997
837	0.059	0.034	0.077	0.070	0.020	0.030	0.997
839	0.059	0.034	0.077	0.070	0.020	0.030	0.997
840	0.059	0.034	0.077	0.070	0.020	0.030	0.997
842	0.059	0.034	0.077	0.070	0.020	0.030	0.997
843	0.059	0.034	0.077	0.070	0.020	0.030	0.997
845	0.059	0.034	0.077	0.070	0.020	0.030	0.997
846	0.059	0.034	0.077	0.070	0.020	0.030	0.997
848	0.059	0.034	0.077	0.070	0.020	0.030	0.997
849	0.059	0.034	0.077	0.070	0.020	0.030	0.997
850	0.059	0.034	0.077	0.070	0.020	0.030	0.997
852	0.059	0.034	0.077	0.070	0.020	0.030	0.997
853	0.059	0.034	0.077	0.070	0.020	0.030	0.997
855	0.059	0.034	0.077	0.070	0.020	0.030	0.997
856	0.059	0.034	0.077	0.070	0.020	0.030	0.997
857	0.059	0.034	0.077	0.070	0.020	0.030	0.997
859	0.059	0.034	0.077	0.070	0.020	0.030	0.997
860	0.059	0.034	0.077	0.070	0.020	0.030	0.997
862	0.059	0.034	0.077	0.070	0.020	0.030	0.997
863	0.059	0.034	0.077	0.070	0.020	0.030	0.997
865	0.059	0.034	0.077	0.070	0.020	0.030	0.997
866	0.059	0.034	0.077	0.070	0.020	0.030	0.997
868	0.059	0.034	0.077	0.070	0.020	0.030	0.997
869	0.059	0.034	0.077	0.070	0.020	0.030	0.997
871	0.059	0.034	0.077	0.070	0.020	0.030	0.997
872	0.059	0.034	0.077	0.070	0.020	0.030	0.997
873	0.059	0.034	0.077	0.070	0.020	0.030	0.997
875	0.059	0.034	0.077	0.070	0.020	0.030	0.997
876	0.059	0.034	0.077	0.070	0.020	0.030	0.997
878	0.059	0.034	0.077	0.070	0.020	0.030	0.997
879	0.059	0.034	0.077	0.070	0.019	0.030	0.997
880	0.059	0.034	0.077	0.070	0.019	0.030	0.997
882	0.059	0.034	0.077	0.070	0.019	0.030	0.997
883	0.059	0.034	0.077	0.070	0.020	0.030	0.997
884	0.059	0.034	0.077	0.070	0.020	0.030	0.997
886	0.059	0.034	0.077	0.070	0.020	0.030	0.997
887	0.059	0.034	0.077	0.070	0.020	0.030	0.997
888	0.059	0.034	0.077	0.070	0.019	0.030	0.997
889	0.059	0.034	0.077	0.070	0.019	0.030	0.997
891	0.059	0.034	0.077	0.070	0.020	0.030	0.997
892	0.059	0.034	0.077	0.070	0.020	0.030	0.997
893	0.059	0.034	0.077	0.070	0.020	0.030	0.997
895	0.059	0.034	0.077	0.070	0.020	0.030	0.997
896	0.059	0.034	0.077	0.070	0.020	0.030	0.997
898	0.059	0.034	0.077	0.070	0.020	0.030	0.997
899	0.059	0.034	0.077	0.070	0.020	0.030	0.997
901	0.059	0.034	0.077	0.070	0.020	0.030	0.997
902	0.059	0.034	0.077	0.070	0.020	0.030	0.997
903	0.059	0.034	0.077	0.070	0.020	0.030	0.997
905	0.059	0.034	0.077	0.070	0.020	0.030	0.997
906	0.059	0.034	0.077	0.070	0.020	0.030	0.997
908	0.059	0.034	0.077	0.070	0.020	0.030	0.997
909	0.059	0.034	0.077	0.070	0.019	0.030	0.997
910	0.059	0.034	0.077	0.070	0.020	0.030	0.997
912	0.059	0.034	0.077	0.070	0.020	0.030	0.997
913	0.059	0.034	0.077	0.070	0.020	0.030	0.997
915	0.059	0.034	0.077	0.070	0.019	0.030	0.997
916	0.059	0.034	0.077	0.070	0.019	0.030	0.997
917	0.059	0.034	0.077	0.070	0.019	0.030	0.997
919	0.059	0.034	0.077	0.070	0.019	0.030	0.997
920	0.059	0.034	0.077	0.070	0.020	0.030	0.997
922	0.059	0.034	0.077	0.070	0.020	0.030	0.997
923	0.059	0.034	0.077	0.070	0.019	0.030	0.997
925	0.059	0.034	0.077	0.070	0.019	0.030	0.997
926	0.059	0.034	0.077	0.070	0.019	0.030	0.997
928	0.059	0.034	0.077	0.070	0.019	0.030	0.997
930	0.059	0.034	0.077	0.070	0.019	0.030	0.997
931	0.059	0.034	0.077	0.070	0.019	0.030	0.997
932	0.059	0.034	0.077	0.070	0.019	0.030	0.997
934	0.059	0.034	0.077	0.070	0.019	0.030	0.997
935	0.059	0.034	0.077	0.070	0.019	0.030	0.997
937	0.059	0.034	0.077	0.070	0.019	0.030	0.997
939	0.059	0.034	0.077	0.070	0.019	0.030	0.997
940	0.059	0.034	0.077	0.070	0.019	0.030	0.997
942	0.059	0.034	0.077	0.070	0.019	0.030	0.997
943	0.059	0.034	0.077	0.070	0.019	0.030	0.997
945	0.059	0.034	0.077	0.070	0.019	0.030	0.997
946	0.059	0.034	0.077	0.070	0.019	0.030	0.997
948	0.059	0.034	0.077	0.070	0.019	0.030	0.997
949	0.059	0.034	0.077	0.070	0.019	0.030	0.997
951	0.059	0.034	0.077	0.070	0.019	0.030	0.997
952	0.059	0.034	0.077	0.070	0.019	0.030	0.997
954	0.059	0.034	0.077	0.070	0.019	0.030	0.997
955	0.059	0.034	0.077	0.070	0.019	0.030	0.997
956	0.059	0.034	0.077	0.070	0.019	0.030	0.997
958	0.059	0.034	0.077	0.070	0.019	0.030	0.997
959	0.059	0.034	0.077	0.070	0.019	0.030	0.997
961	0.059	0.034	0.077	0.070	0.019	0.030	0.997
962	0.059	0.034	0.077	0.070	0.019	0.030	0.997
963	0.059	0.034	0.077	0.070	0.019	0.030	0.997
965	0.059	0.034	0.077	0.070	0.019	0.030	0.997
966	0.059	0.034	0.077	0.070	0.019	0.030	0.997
968	0.059	0.034	0.077	0.070	0.019	0.030	0.997
969	0.059	0.034	0.077	0.070	0.019	0.030	0.997
970	0.059	0.034	0.077	0.070	0.019	0.030	0.997
972	0.059	0.034	0.077	0.070	0.019	0.030	0.997
973	0.059	0.034	0.077	0.070	0.019	0.030	0.997
975	0.059	0.034	0.077	0.070	0.019	0.030	0.997
976	0.059	0.034	0.077	0.070	0.019	0.030	0.997
977	0.059	0.034	0.077	0.070	0.019	0.030	0.997
979	0.059	0.034	0.077	0.070	0.019	0.030	0.997
980	0.059	0.034	0.077	0.070	0.019	0.030	0.997
982	0.059	0.034	0.077	0.070	0.019	0.030	0.997
983	0.059	0.034	0.077	0.070	0.019	0.030	0.997
984	0.059	0.034	0.077	0.070	0.019	0.030	0.997
986	0.059	0.034	0.077	0.070	0.019	0.030	0.997
987	0.059	0.034	0.077	0.070	0.019	0.030	0.997
989	0.059	0.034	0.077	0.070	0.019	0.030	0.997
990	0.059	0.034	0.077	0.070	0.019	0.030	0.997
991	0.059	0.034	0.077	0.070	0.019	0.030	0.997
993	0.059	0.034	0.077	0.070	0.019	0.030	0.997
994	0.059	0.034	0.077	0.070	0.019	0.030	0.997
996	0.059	0.034	0.077	0.070	0.019	0.030	0.997
997	0.059	0.034	0.077	0.070	0.019	0.030	0.997
998	0.059	0.034	0.077	0.070	0.019	0.030	0.997
1002	0.059	0.034	0.077	0.070	0.019	0.030	0.997
1003	0.059	0.034	0.077	0.070	0.019	0.030	0.997
1005	0.059	0.034	0.077	0.070	0.019	0.030	0.997
1006	0.059	0.034	0.077	0.070	0.019	0.030	0.997
1007	0.059	0.034	0.077	0.070	0.019	0.030	0.997
1009	0.059	0.034	0.077	0.070	0.019	0.030	0.997
1010	0.059	0.034	0.077	0.070	0.019	0.030	0.997
1011	0.059	0.034	0.077	0.070	0.019	0.030	0.997
1012	0.059	0.034	0.077	0.070	0.019	0.030	0.997
1014	0.059	0.034	0.077	0.070	0.019	0.030	0.997
1016	0.059	0.034	0.077	0.070	0.020	0.030	0.997
1017	0.059	0.034	0.077	0.070	0.020	0.030	0.997
1019	0.059	0.034	0.077	0.070	0.020	0.030	0.997
1021	0.059	0.034	0.077	0.070	0.020	0.030	0.997
1022	0.059	0.034	0.077	0.070	0.020	0.030	0.997
1024	0.059	0.034	0.077	0.070	0.020	0.030	0.997
1026	0.059	0.034	0.077	0.070	0.020	0.030	0.997
1027	0.059	0.034	0.077	0.070	0.020	0.030	0.997
1029	0.059	0.034	0.077	0.070	0.020	0.030	0.997
1031	0.059	0.034	0.077	0.070	0.020	0.030	0.997
1032	0.059	0.034	0.077	0.070	0.020	0.030	0.997
1034	0.059	0.034	0.077	0.070	0.020	0.030	0.997
1036	0.059	0.034	0.077	0.070	0.020	0.030	0.997
1037	0.059	0.034	0.077	0.070	0.020	0.030	0.997
1039	0.059	0.034	0.077	0.070	0.020	0.030	0.997
1040	0.059	0.034	0.077	0.070	0.020	0.030	0.997
1042	0.059	0.034	0.077	0.070	0.020	0.030	0.997
1044	0.059	0.034	0.077	0.070	0.020	0.030	0.997
1045	0.059	0.034	0.077	0.070	0.020	0.030	0.997
1047	0.059	0.034	0.077	0.070	0.020	0.030	0.997
1048	0.059	0.034	0.077	0.070	0.020	0.030	0.997
1050	0.059	0.034	0.077	0.070	0.020	0.030	0.997
1051	0.059	0.034	0.077	0.070	0.020	0.030	0.997
1053	0.059	0.034	0.077	0.070	0.020	0.030	0.997
1054	0.059	0.034	0.077	0.070	0.020	0.030	0.997
1056	0.059	0.034	0.077	0.070	0.020	0.030	0.997
1057	0.059	0.034	0.077	0.070	0.020	0.030	0.997
1058	0.059	0.034	0.077	0.070	0.020	0.030	0.997
1060	0.059	0.034	0.077	0.070	0.020	0.030	0.997
1062	0.059	0.034	0.077	0.070	0.020	0.030	0.997
1063	0.059	0.034	0.077	0.070	0.020	0.030	0.997
1064	0.059	0.034	0.077	0.070	0.020	0.030	0.997
1065	0.059	0.034	0.077	0.070	0.020	0.030	0.997
1067	0.059	0.034	0.077	0.070	0.020	0.030	0.997
1068	0.059	0.034	0.077	0.070	0.020	0.030	0.997
1069	0.059	0.034	0.077	0.070	0.020	0.030	0.997
1071	0.059	0.034	0.077	0.070	0.020	0.030	0.997
1072	0.059	0.034	0.077	0.070	0.020	0.030	0.997
1073	0.059	0.034	0.077	0.070	0.020	0.030	0.997
1075	0.059	0.034	0.077	0.070	0.020	0.030	0.997
1076	0.059	0.034	0.077	0.070	0.020	0.030	0.997
1077	0.059	0.034	0.077	0.070	0.020	0.030	0.997
1079	0.059	0.034	0.077	0.070	0.020	0.030	0.997
1080	0.059	0.034	0.077	0.070	0.020	0.030	0.997
1082	0.059	0.034	0.077	0.070	0.020	0.030	0.997
1083	0.059	0.034	0.077	0.070	0.020	0.030	0.997
1084	0.059	0.034	0.077	0.070	0.020	0.030	0.997
1086	0.059	0.034	0.077	0.070	0.020	0.030	0.997
1087	0.059	0.034	0.077	0.070	0.020	0.030	0.997
1089	0.059	0.034	0.077	0.070	0.020	0.030	0.997
1090	0.059	0.034	0.077	0.070	0.020	0.030	0.997
1091	0.059	0.034	0.077	0.070	0.020	0.030	0.997
1093	0.059	0.034	0.077	0.070	0.020	0.030	0.997
1094	0.059	0.034	0.077	0.070	0.020	0.030	0.997
1096	0.059	0.034	0.077	0.070	0.020	0.030	0.997
1097	0.059	0.034	0.077	0.070	0.020	0.030	0.997
1099	0.059	0.034	0.077	0.070	0.020	0.030	0.997
1100	0.059	0.034	0.077	0.070	0.020	0.030	0.997
1101	0.059	0.034	0.077	0.070	0.020	0.030	0.997
1103	0.059	0.034	0.077	0.070	0.020	0.030	0.997
1104	0.059	0.034	0.077	0.070	0.020	0.030	0.997
1106	0.059	0.034	0.077	0.070	0.020	0.030	0.997
1107	0.059	0.034	0.077	0.070	0.020	0.030	0.997
1108	0.059	0.034	0.077	0.070	0.020	0.030	0.997
1110	0.059	0.034	0.077	0.070	0.020	0.030	0.997
1111	0.059	0.034	0.077	0.070	0.020	0.030	0.997
1113	0.059	0.034	0.077	0.070	0.020	0.030	0.997
1114	0.059	0.034	0.077	0.070	0.020	0.030	0.997
1116	0.059	0.034	0.077	0.070	0.020	0.030	0.997
1118	0.059	0.034	0.077	0.070	0.020	0.030	0.997
1119	0.059	0.034	0.077	0.070	0.020	0.030	0.997
1121	0.059	0.034	0.077	0.070	0.020	0.030	0.997
1122	0.059	0.034	0.077	0.070	0.020	0.030	0.997
1124	0.059	0.034	0.077	0.070	0.020	0.030	0.997
1125	0.059	0.034	0.077	0.070	0.020	0.030	0.997
1127	0.059	0.034	0.077	0.070	0.020	0.030	0.997
1128	0.059	0.034	0.077	0.070	0.020	0.030	0.997
1129	0.059	0.034	0.077	0.070	0.020	0.030	0.997
1131	0.059	0.034	0.077	0.070	0.020	0.030	0.997
1132	0.059	0.034	0.077	0.070	0.020	0.030	0.997
1134	0.059	0.034	0.077	0.070	0.020	0.030	0.997
1135	0.059	0.034	0.077	0.070	0.020	0.030	0.997
1136	0.059	0.034	0.077	0.070	0.020	0.030	0.997
1138	0.059	0.034	0.077	0.070	0.020	0.030	0.997
1139	0.059	0.034	0.077	0.070	0.020	0.030	0.997
1141	0.059	0.034	0.077	0.070	0.020	0.030	0.997
1142	0.059	0.034	0.077	0.070	0.020	0.030	0.997
1144	0.059	0.034	0.077	0.070	0.020	0.030	0.997
1145	0.059	0.034	0.077	0.070	0.020	0.030	0.997
1146	0.059	0.034	0.077	0.070	0.020	0.030	0.997
1148	0.059	0.034	0.077	0.070	0.020	0.030	0.997
1149	0.059	0.034	0.077	0.070	0.020	0.030	0.997
1151	0.059	0.034	0.077	0.070	0.020	0.030	0.997
1153	0.059	0.034	0.077	0.070	0.020	0.030	0.997
1154	0.059	0.034	0.077	0.070	0.020	0.030	0.997
1156	0.059	0.034	0.077	0.070	0.020	0.030	0.997
1157	0.059	0.034	0.077	0.070	0.020	0.030	0.997
1159	0.059	0.034	0.077	0.070	0.020	0.030	0.997
1160	0.059	0.034	0.077	0.070	0.020	0.030	0.997
1162	0.059	0.034	0.077	0.070	0.020	0.030	0.997
1163	0.059	0.034	0.077	0.070	0.020	0.030	0.997
1165	0.059	0.034	0.077	0.070	0.020	0.030	0.997
1167	0.059	0.034	0.077	0.070	0.020	0.030	0.997
1168	0.059	0.034	0.077	0.070	0.020	0.030	0.997
1170	0.059	0.034	0.077	0.070	0.020	0.030	0.997
1171	0.059	0.034	0.077	0.070	0.020	0.030	0.997
1173	0.059	0.034	0.077	0.070	0.020	0.030	0.997
1175	0.059	0.034	0.077	0.070	0.020	0.030	0.997
1176	0.059	0.034	0.077	0.070	0.020	0.030	0.997
1178	0.059	0.034	0.077	0.070	0.020	0.030	0.997
1180	0.059	0.034	0.077	0.070	0.020	0.030	0.997
1181	0.059	0.034	0.077	0.070	0.020	0.030	0.997
1183	0.059	0.034	0.077	0.070	0.020	0.030	0.997
1185	0.059	0.034	0.077	0.070	0.020	0.030	0.997
1186	0.059	0.034	0.077	0.070	0.020	0.030	0.997
1188	0.059	0.034	0.077	0.070	0.020	0.030	0.997
1189	0.059	0.034	0.077	0.070	0.020	0.030	0.997
1190	0.059	0.034	0.077	0.070	0.020	0.030	0.997
1192	0.059	0.034	0.077	0.070	0.020	0.030	0.997
1193	0.059	0.034	0.077	0.070	0.020	0.030	0.997
1195	0.059	0.034	0.077	0.070	0.020	0.030	0.997
1196	0.059	0.034	0.077	0.070	0.020	0.030	0.997
1197	0.059	0.034	0.077	0.070	0.020	0.030	0.997
1199	0.059	0.034	0.077	0.070	0.020	0.030	0.997
1200	0.059	0.034	0.077	0.070	0.020	0.030	0.997
1202	0.059	0.034	0.077	0.070	0.020	0.030	0.997
1203	0.059	0.034	0.077	0.070	0.020	0.030	0.997
1205	0.059	0.034	0.077	0.070	0.020	0.030	0.997
1206	0.059	0.034	0.077	0.070	0.020	0.030	0.997
1207	0.059	0.034	0.077	0.070	0.020	0.030	0.997
1209	0.059	0.034	0.077	0.070	0.020	0.030	0.997
1210	0.059	0.034	0.077	0.070	0.020	0.030	0.997
1212	0.059	0.034	0.077	0.070	0.020	0.030	0.997
1213	0.059	0.034	0.077	0.070	0.020	0.030	0.997
1215	0.059	0.034	0.077	0.070	0.020	0.030	0.997
1216	0.059	0.034	0.077	0.070	0.020	0.030	0.997
1217	0.059	0.034	0.077	0.070	0.020	0.030	0.997
1219	0.059	0.034	0.077	0.070	0.020	0.030	0.997
1220	0.059	0.034	0.077	0.070	0.020	0.030	0.997
1222	0.059	0.034	0.077	0.070	0.020	0.030	0.997
1223	0.059	0.034	0.077	0.070	0.020	0.030	0.997
1224	0.059	0.034	0.077	0.070	0.020	0.030	0.997
1226	0.059	0.034	0.077	0.070	0.020	0.030	0.997
1227	0.059	0.034	0.077	0.070	0.020	0.030	0.997
1228	0.059	0.034	0.077	0.070	0.020	0.030	0.997
1230	0.059	0.034	0.077	0.070	0.020	0.030	0.997
1231	0.059	0.034	0.077	0.070	0.020	0.030	0.997
1233	0.059	0.034	0.077	0.070	0.020	0.030	0.997
1234	0.059	0.034	0.077	0.070	0.020	0.030	0.997
1235	0.059	0.034	0.077	0.070	0.020	0.030	0.997
1237	0.059	0.034	0.077	0.070	0.020	0.030	0.997
1238	0.059	0.034	0.077	0.070	0.020	0.030	0.997
1240	0.059	0.034	0.077	0.070	0.020	0.030	0.997
1241	0.059	0.034	0.077	0.070	0.020	0.030	0.997
1242	0.059	0.034	0.077	0.070	0.020	0.030	0.997
1244	0.059	0.034	0.077	0.070	0.020	0.030	0.997
1245	0.059	0.034	0.077	0.070	0.020	0.030	0.997
1247	0.059	0.034	0.077	0.070	0.020	0.030	0.997
1248	0.059	0.034	0.077	0.070	0.020	0.030	0.997
1249	0.059	0.034	0.077	0.070	0.020	0.030	0.997
1251	0.059	0.034	0.077	0.070	0.020	0.030	0.997
1252	0.059	0.034	0.077	0.070	0.020	0.030	0.997
1254	0.059	0.034	0.077	0.070	0.020	0.030	0.997
1255	0.059	0.034	0.077	0.070	0.020	0.030	0.997
1256	0.059	0.034	0.077	0.070	0.020	0.030	0.997
1258	0.059	0.034	0.077	0.070	0.020	0.030	0.997
1259	0.059	0.034	0.077	0.070	0.020	0.030	0.997
1260	0.059	0.034	0.077	0.070	0.020	0.030	0.997
1262	0.059	0.034	0.077	0.070	0.020	0.030	0.997
1263	0.059	0.034	0.077	0.070	0.020	0.030	0.997
1265	0.059	0.034	0.077	0.070	0.020	0.030	0.997
1266	0.059	0.034	0.077	0.070	0.020	0.030	0.997
1268	0.059	0.034	0.077	0.070	0.020	0.030	0.997
1269	0.059	0.034	0.077	0.070	0.020	0.030	0.997
1270	0.059	0.034	0.077	0.070	0.020	0.030	0.997
1272	0.059	0.034	0.077	0.070	0.020	0.030	0.997
1273	0.059	0.034	0.077	0.070	0.020	0.030	0.997
1275	0.059	0.034	0.077	0.070	0.020	0.030	0.997
1276	0.059	0.034	0.077	0.070	0.020	0.030	0.997
1277	0.059	0.034	0.077	0.070	0.020	0.030	0.997
1279	0.059	0.034	0.077	0.070	0.020	0.030	0.997
1281	0.059	0.034	0.077	0.070	0.020	0.030	0.997
1282	0.059	0.034	0.077	0.070	0.020	0.030	0.997
1284	0.059	0.034	0.077	0.070	0.020	0.030	0.997
1286	0.059	0.034	0.077	0.070	0.020	0.030	0.997
1287	0.059	0.034	0.077	0.070	0.020	0.030	0.997
1289	0.059	0.034	0.077	0.070	0.020	0.030	0.997
1291	0.059	0.034	0.077	0.070	0.020	0.030	0.997
1292	0.059	0.034	0.077	0.070	0.020	0.030	0.997
1294	0.059	0.034	0.077	0.070	0.020	0.030	0.997
1296	0.059	0.034	0.077	0.070	0.020	0.030	0.997
1297	0.059	0.034	0.077	0.070	0.020	0.030	0.997
1299	0.059	0.034	0.077	0.070	0.020	0.030	0.997
1300	0.059	0.034	0.077	0.070	0.020	0.030	0.997
1301	0.059	0.034	0.077	0.070	0.020	0.030	0.997
1303	0.059	0.034	0.077	0.070	0.020	0.030	0.997
1304	0.059	0.034	0.077	0.070	0.020	0.030	0.997
1305	0.059	0.034	0.077	0.070	0.020	0.030	0.997
1307	0.059	0.034	0.077	0.070	0.020	0.030	0.997
1308	0.059	0.034	0.077	0.070	0.020	0.030	0.997
1310	0.059	0.034	0.077	0.070	0.020	0.030	0.997
1312	0.059	0.034	0.077	0.070	0.020	0.030	0.997
1313	0.059	0.034	0.077	0.070	0.020	0.030	0.997
1315	0.059	0.034	0.077	0.070	0.020	0.030	0.997
1317	0.059	0.034	0.077	0.070	0.020	0.030	0.997
1318	0.059	0.034	0.077	0.070	0.020	0.030	0.997
1320	0.059	0.034	0.077	0.070	0.020	0.030	0.997
1321	0.059	0.034	0.077	0.070	0.020	0.030	0.997
1323	0.059	0.034	0.077	0.070	0.020	0.030	0.997
1325	0.059	0.034	0.077	0.070	0.020	0.030	0.997
1326	0.059	0.034	0.077	0.070	0.020	0.030	0.997
1328	0.059	0.034	0.077	0.070	0.020	0.030	0.997
1329	0.059	0.034	0.077	0.070	0.020	0.030	0.997
1331	0.059	0.034	0.077	0.070	0.020	0.030	0.997
1332	0.059	0.034	0.077	0.070	0.020	0.030	0.997
1334	0.059	0.034	0.077	0.070	0.020	0.030	0.997
1336	0.059	0.034	0.077	0.070	0.020	0.030	0.997
1337	0.059	0.034	0.077	0.070	0.020	0.030	0.997
1338	0.059	0.034	0.077	0.070	0.020	0.030	0.997
1340	0.059	0.034	0.077	0.070	0.020	0.030	0.997
1341	0.059	0.034	0.077	0.070	0.020	0.030	0.997
1343	0.059	0.034	0.077	0.070	0.020	0.030	0.997
1344	0.059	0.034	0.077	0.070	0.020	0.030	0.997
1345	0.059	0.034	0.077	0.070	0.020	0.030	0.997
1347	0.059	0.034	0.077	0.070	0.020	0.030	0.997
1348	0.059	0.034	0.077	0.070	0.020	0.030	0.997
1350	0.059	0.034	0.077	0.070	0.020	0.030	0.997
1351	0.059	0.034	0.077	0.070	0.020	0.030	0.997
1353	0.059	0.034	0.077	0.070	0.020	0.030	0.997
1354	0.059	0.034	0.077	0.070	0.020	0.030	0.997
1356	0.059	0.034	0.077	0.069	0.020	0.030	0.997
1357	0.059	0.034	0.077	0.069	0.020	0.030	0.997
1358	0.059	0.034	0.077	0.069	0.020	0.030	0.997
1360	0.059	0.034	0.077	0.069	0.020	0.030	0.997
1361	0.059	0.034	0.077	0.069	0.020	0.030	0.997
1362	0.059	0.034	0.077	0.069	0.020	0.030	0.997
1364	0.059	0.034	0.077	0.069	0.020	0.030	0.997
1365	0.059	0.034	0.077	0.069	0.020	0.030	0.997
1367	0.059	0.034	0.077	0.069	0.020	0.030	0.997
1368	0.059	0.034	0.077	0.069	0.020	0.030	0.997
1370	0.059	0.034	0.077	0.069	0.020	0.030	0.997
1371	0.059	0.034	0.077	0.069	0.020	0.030	0.997
1373	0.059	0.034	0.077	0.069	0.020	0.030	0.997
1375	0.059	0.034	0.077	0.069	0.020	0.030	0.997
1376	0.059	0.034	0.077	0.069	0.020	0.030	0.997
1378	0.059	0.034	0.077	0.069	0.020	0.030	0.997
1379	0.059	0.034	0.077	0.069	0.020	0.030	0.997
1381	0.059	0.034	0.077	0.069	0.020	0.030	0.997
1383	0.059	0.034	0.077	0.069	0.020	0.030	0.997
1384	0.059	0.034	0.077	0.069	0.020	0.030	0.997
1386	0.059	0.034	0.077	0.069	0.020	0.030	0.997
1388	0.059	0.034	0.077	0.069	0.020	0.030	0.997
1389	0.059	0.034	0.077	0.069	0.020	0.030	0.997
1391	0.059	0.034	0.077	0.069	0.020	0.030	0.997
1392	0.059	0.034	0.077	0.069	0.020	0.030	0.997
1394	0.059	0.034	0.077	0.069	0.020	0.030	0.997
1395	0.059	0.034	0.077	0.069	0.020	0.030	0.997
1397	0.059	0.034	0.077	0.069	0.020	0.030	0.997
1398	0.059	0.034	0.077	0.069	0.020	0.030	0.997
1400	0.059	0.034	0.077	0.069	0.020	0.030	0.997
1401	0.059	0.034	0.077	0.069	0.020	0.030	0.997
1403	0.059	0.034	0.077	0.069	0.020	0.030	0.997
1404	0.059	0.034	0.077	0.069	0.020	0.030	0.997
1406	0.059	0.034	0.077	0.069	0.020	0.030	0.997
1407	0.059	0.034	0.077	0.069	0.020	0.030	0.997
1409	0.059	0.034	0.077	0.069	0.020	0.030	0.997
1411	0.059	0.034	0.077	0.069	0.020	0.030	0.997
1412	0.059	0.034	0.077	0.069	0.020	0.030	0.997
1414	0.059	0.034	0.077	0.069	0.020	0.030	0.997
1415	0.059	0.034	0.077	0.069	0.020	0.030	0.997
1417	0.059	0.034	0.077	0.069	0.020	0.030	0.997
1419	0.059	0.034	0.077	0.069	0.020	0.030	0.997
1420	0.059	0.034	0.077	0.069	0.020	0.030	0.997
1422	0.059	0.034	0.077	0.069	0.020	0.030	0.997
1423	0.059	0.034	0.077	0.069	0.020	0.030	0.997
1425	0.059	0.034	0.077	0.069	0.020	0.030	0.997
1427	0.059	0.034	0.077	0.069	0.020	0.030	0.997
1428	0.059	0.034	0.077	0.069	0.020	0.030	0.997
1430	0.059	0.034	0.077	0.069	0.020	0.030	0.997
1431	0.059	0.034	0.077	0.069	0.020	0.030	0.997
1433	0.059	0.034	0.077	0.069	0.020	0.030	0.997
1434	0.059	0.034	0.077	0.069	0.020	0.030	0.997
1436	0.059	0.034	0.077	0.069	0.020	0.030	0.997
1438	0.059	0.034	0.077	0.069	0.020	0.030	0.997
1439	0.059	0.034	0.077	0.069	0.020	0.030	0.997
1445	0.059	0.034	0.077	0.069	0.020	0.030	0.997
1446	0.059	0.034	0.077	0.069	0.020	0.030	0.997
1447	0.059	0.034	0.077	0.069	0.020	0.030	0.997
1448	0.059	0.034	0.077	0.069	0.020	0.030	0.997
1449	0.059	0.034	0.077	0.069	0.020	0.030	0.997
1451	0.059	0.034	0.077	0.069	0.020	0.030	0.997
1452	0.059	0.034	0.077	0.069	0.020	0.030	0.997
1453	0.059	0.034	0.077	0.069	0.020	0.030	0.997
1454	0.059	0.034	0.077	0.069	0.020	0.030	0.997
1456	0.059	0.034	0.077	0.069	0.020	0.030	0.997
1457	0.059	0.034	0.077	0.069	0.020	0.030	0.997
1458	0.059	0.034	0.077	0.069	0.020	0.030	0.997
1459	0.059	0.034	0.077	0.069	0.020	0.030	0.997
1461	0.059	0.034	0.077	0.069	0.020	0.030	0.997
1462	0.059	0.034	0.077	0.069	0.020	0.030	0.997
1464	0.059	0.034	0.077	0.069	0.020	0.030	0.997
1465	0.059	0.034	0.077	0.069	0.020	0.030	0.997
1467	0.059	0.034	0.077	0.069	0.020	0.030	0.997
1468	0.059	0.034	0.077	0.069	0.020	0.030	0.997
1470	0.059	0.034	0.077	0.069	0.020	0.030	0.997
1471	0.059	0.034	0.077	0.069	0.020	0.030	0.997
1473	0.059	0.034	0.077	0.069	0.020	0.030	0.997
1475	0.059	0.034	0.077	0.069	0.020	0.030	0.997
1476	0.059	0.034	0.077	0.069	0.020	0.030	0.997
1478	0.059	0.034	0.077	0.069	0.020	0.030	0.997
1479	0.059	0.034	0.077	0.069	0.020	0.030	0.997
1481	0.059	0.034	0.077	0.069	0.020	0.030	0.997
1483	0.059	0.034	0.077	0.069	0.020	0.030	0.997
1484	0.059	0.034	0.077	0.069	0.020	0.030	0.997
1486	0.059	0.034	0.077	0.069	0.020	0.030	0.997
1487	0.059	0.034	0.077	0.069	0.020	0.030	0.997
1489	0.059	0.034	0.077	0.069	0.020	0.030	0.997
1491	0.059	0.034	0.077	0.069	0.020	0.030	0.997
1492	0.059	0.034	0.077	0.069	0.020	0.030	0.997
1494	0.059	0.034	0.077	0.069	0.020	0.030	0.997
1496	0.059	0.034	0.077	0.069	0.020	0.030	0.997
1497	0.059	0.034	0.077	0.069	0.020	0.030	0.997
1499	0.059	0.034	0.077	0.069	0.020	0.030	0.997
1500	0.059	0.034	0.077	0.069	0.020	0.030	0.997
1502	0.059	0.034	0.077	0.069	0.020	0.030	0.997
1504	0.059	0.034	0.077	0.069	0.020	0.030	0.997
1505	0.059	0.034	0.077	0.069	0.020	0.030	0.997
1507	0.059	0.034	0.077	0.069	0.020	0.030	0.997
1508	0.059	0.034	0.077	0.069	0.020	0.030	0.997
1510	0.059	0.034	0.077	0.069	0.020	0.030	0.997
1511	0.059	0.034	0.077	0.069	0.020	0.030	0.997
1513	0.059	0.034	0.077	0.069	0.020	0.030	0.997
1514	0.059	0.034	0.077	0.069	0.020	0.030	0.997
1516	0.059	0.034	0.077	0.069	0.020	0.030	0.997
1517	0.059	0.034	0.077	0.069	0.020	0.030	0.997
1519	0.059	0.034	0.077	0.069	0.020	0.030	0.997
1520	0.059	0.034	0.077	0.069	0.020	0.030	0.997
1522	0.059	0.034	0.077	0.069	0.020	0.030	0.997
1523	0.059	0.034	0.077	0.069	0.020	0.030	0.997
1524	0.059	0.034	0.077	0.069	0.020	0.030	0.997
1526	0.059	0.034	0.077	0.069	0.020	0.030	0.997
1527	0.059	0.034	0.077	0.069	0.020	0.030	0.997
1528	0.059	0.034	0.077	0.069	0.020	0.030	0.997
1530	0.059	0.034	0.077	0.069	0.020	0.030	0.997
1531	0.059	0.034	0.077	0.069	0.020	0.030	0.997
1533	0.059	0.034	0.077	0.069	0.020	0.030	0.997
1534	0.059	0.034	0.077	0.069	0.020	0.030	0.997
1536	0.059	0.034	0.077	0.069	0.020	0.030	0.997
1537	0.059	0.034	0.077	0.069	0.020	0.030	0.997
1539	0.059	0.034	0.077	0.069	0.020	0.030	0.997
1540	0.059	0.034	0.077	0.069	0.020	0.030	0.997
1542	0.059	0.034	0.077	0.069	0.020	0.030	0.997
1544	0.059	0.034	0.077	0.069	0.020	0.030	0.997
1545	0.059	0.034	0.077	0.069	0.020	0.030	0.997
1547	0.059	0.034	0.077	0.069	0.020	0.030	0.997
1549	0.059	0.034	0.077	0.069	0.020	0.030	0.997
1550	0.059	0.034	0.077	0.069	0.020	0.030	0.997
1552	0.059	0.034	0.077	0.069	0.020	0.030	0.997
1553	0.059	0.034	0.077	0.069	0.020	0.030	0.997
1555	0.059	0.034	0.077	0.069	0.020	0.030	0.997
1556	0.059	0.034	0.077	0.069	0.020	0.030	0.997
1557	0.059	0.034	0.077	0.069	0.020	0.030	0.997
1559	0.059	0.034	0.077	0.069	0.020	0.030	0.997
1560	0.059	0.034	0.077	0.069	0.020	0.030	0.997
1562	0.059	0.034	0.077	0.069	0.020	0.030	0.997
1563	0.059	0.034	0.077	0.069	0.020	0.030	0.997
1565	0.059	0.034	0.077	0.069	0.020	0.030	0.997
1566	0.059	0.034	0.077	0.069	0.020	0.030	0.997
1568	0.059	0.034	0.077	0.069	0.020	0.030	0.997
1569	0.059	0.034	0.077	0.069	0.020	0.030	0.997
1571	0.059	0.034	0.077	0.069	0.020	0.030	0.997
1572	0.059	0.034	0.077	0.069	0.020	0.030	0.997
1574	0.059	0.034	0.077	0.069	0.020	0.030	0.997
1575	0.059	0.034	0.077	0.069	0.020	0.030	0.997
1576	0.059	0.034	0.077	0.069	0.020	0.030	0.997
1578	0.059	0.034	0.077	0.069	0.020	0.030	0.997
1579	0.059	0.034	0.077	0.069	0.020	0.030	0.997
1580	0.059	0.034	0.077	0.069	0.020	0.030	0.997
1582	0.059	0.034	0.077	0.069	0.020	0.030	0.997
1583	0.059	0.034	0.077	0.069	0.020	0.030	0.997
1585	0.059	0.034	0.077	0.069	0.020	0.030	0.997
1586	0.059	0.034	0.077	0.069	0.020	0.030	0.997
1588	0.059	0.034	0.077	0.069	0.020	0.030	0.997
1589	0.059	0.034	0.077	0.069	0.020	0.030	0.997
1591	0.059	0.034	0.077	0.069	0.020	0.030	0.997
1592	0.059	0.034	0.077	0.069	0.020	0.030	0.997
1594	0.059	0.034	0.077	0.069	0.020	0.030	0.997
1595	0.059	0.034	0.077	0.069	0.020	0.030	0.997
1597	0.059	0.034	0.077	0.069	0.020	0.030	0.997
1599	0.059	0.034	0.077	0.069	0.020	0.030	0.997
1600	0.059	0.034	0.077	0.069	0.020	0.030	0.997
1602	0.059	0.034	0.077	0.069	0.020	0.030	0.997
1603	0.059	0.034	0.077	0.069	0.020	0.030	0.997
1605	0.059	0.034	0.077	0.069	0.020	0.030	0.997
1606	0.059	0.034	0.077	0.069	0.020	0.030	0.997
1608	0.059	0.034	0.077	0.069	0.020	0.030	0.997
1609	0.059	0.034	0.077	0.069	0.020	0.030	0.997
1610	0.059	0.034	0.077	0.069	0.020	0.030	0.997
1612	0.059	0.034	0.077	0.069	0.020	0.030	0.997
1613	0.059	0.034	0.077	0.069	0.020	0.030	0.997
1615	0.059	0.034	0.077	0.069	0.020	0.030	0.997
1616	0.059	0.034	0.077	0.069	0.020	0.030	0.997
1618	0.059	0.034	0.077	0.069	0.020	0.030	0.997
1619	0.059	0.034	0.077	0.069	0.020	0.030	0.997
1621	0.059	0.034	0.077	0.069	0.020	0.030	0.997
1623	0.059	0.034	0.077	0.069	0.020	0.030	0.997
1624	0.059	0.034	0.077	0.069	0.020	0.030	0.997
1626	0.059	0.034	0.077	0.069	0.020	0.030	0.997
1627	0.059	0.034	0.077	0.069	0.020	0.030	0.997
1629	0.059	0.034	0.077	0.069	0.020	0.030	0.997
1631	0.059	0.034	0.077	0.069	0.020	0.030	0.997
1632	0.059	0.034	0.077	0.069	0.020	0.030	0.997
1634	0.059	0.034	0.077	0.069	0.020	0.030	0.997
1636	0.059	0.034	0.077	0.069	0.020	0.030	0.997
1637	0.059	0.034	0.077	0.069	0.020	0.030	0.997
1639	0.059	0.034	0.077	0.069	0.020	0.030	0.997
1641	0.059	0.034	0.077	0.069	0.020	0.030	0.997
1642	0.059	0.034	0.077	0.069	0.020	0.030	0.997
1644	0.059	0.034	0.077	0.069	0.020	0.030	0.997
1645	0.059	0.034	0.077	0.069	0.020	0.030	0.997
1647	0.059	0.034	0.077	0.069	0.020	0.030	0.997
1649	0.059	0.034	0.077	0.069	0.020	0.030	0.997
1650	0.059	0.034	0.077	0.069	0.020	0.030	0.997
1652	0.059	0.034	0.077	0.069	0.020	0.030	0.997
1653	0.059	0.034	0.077	0.069	0.020	0.030	0.997
1655	0.059	0.034	0.077	0.069	0.020	0.030	0.997
1657	0.059	0.034	0.077	0.069	0.020	0.030	0.997
1658	0.059	0.034	0.077	0.069	0.020	0.030	0.997
1660	0.059	0.034	0.077	0.069	0.020	0.030	0.997
1661	0.059	0.034	0.077	0.069	0.020	0.030	0.997
1663	0.059	0.034	0.077	0.069	0.020	0.030	0.997
1664	0.059	0.034	0.077	0.069	0.020	0.030	0.997
1666	0.059	0.034	0.077	0.069	0.020	0.030	0.997
1667	0.059	0.034	0.077	0.069	0.020	0.030	0.997
1669	0.059	0.034	0.077	0.069	0.020	0.030	0.997
1670	0.059	0.034	0.077	0.069	0.020	0.030	0.997
1672	0.059	0.034	0.077	0.069	0.020	0.030	0.997
1674	0.059	0.034	0.077	0.069	0.020	0.030	0.997
1675	0.059	0.034	0.077	0.069	0.020	0.030	0.997
1677	0.059	0.034	0.077	0.069	0.020	0.030	0.997
1678	0.059	0.034	0.077	0.069	0.020	0.030	0.997
1680	0.059	0.034	0.077	0.069	0.020	0.030	0.997
1682	0.059	0.034	0.077	0.069	0.020	0.030	0.997
1683	0.059	0.034	0.077	0.069	0.020	0.030	0.997
1685	0.059	0.034	0.077	0.069	0.020	0.030	0.997
1686	0.059	0.034	0.077	0.069	0.020	0.030	0.997
1688	0.059	0.034	0.077	0.069	0.020	0.030	0.997
1689	0.059	0.034	0.077	0.069	0.020	0.030	0.997
1691	0.059	0.034	0.077	0.069	0.020	0.030	0.997
1692	0.059	0.034	0.077	0.069	0.020	0.030	0.997
1694	0.059	0.034	0.077	0.069	0.020	0.030	0.997
1695	0.059	0.034	0.077	0.069	0.020	0.030	0.997
1697	0.059	0.034	0.077	0.069	0.020	0.030	0.997
1698	0.059	0.034	0.077	0.069	0.020	0.030	0.997
1700	0.059	0.034	0.077	0.069	0.020	0.030	0.997
1701	0.059	0.034	0.077	0.069	0.020	0.030	0.997
1702	0.059	0.034	0.077	0.069	0.020	0.030	0.997
1704	0.059	0.034	0.077	0.069	0.020	0.030	0.997
1706	0.059	0.034	0.077	0.069	0.020	0.030	0.997
1707	0.059	0.034	0.077	0.069	0.020	0.030	0.997
1709	0.059	0.034	0.077	0.069	0.020	0.030	0.997
1710	0.059	0.034	0.077	0.069	0.020	0.030	0.997
1712	0.059	0.034	0.077	0.069	0.020	0.030	0.997
1713	0.059	0.034	0.077	0.069	0.020	0.030	0.997
1714	0.059	0.034	0.077	0.069	0.020	0.030	0.997
1716	0.059	0.034	0.077	0.069	0.020	0.030	0.997
1717	0.059	0.034	0.077	0.069	0.020	0.030	0.997
1719	0.059	0.034	0.077	0.069	0.020	0.030	0.997
1720	0.059	0.034	0.077	0.069	0.020	0.030	0.997
1722	0.059	0.034	0.077	0.069	0.020	0.030	0.997
1723	0.059	0.034	0.077	0.069	0.020	0.030	0.997
1724	0.059	0.034	0.077	0.069	0.020	0.030	0.997
1726	0.059	0.034	0.077	0.069	0.020	0.030	0.997
1727	0.059	0.034	0.077	0.069	0.020	0.030	0.997
1728	0.059	0.034	0.077	0.069	0.020	0.030	0.997
1730	0.059	0.034	0.077	0.069	0.020	0.030	0.997
1731	0.059	0.034	0.077	0.069	0.020	0.030	0.997
1733	0.059	0.034	0.077	0.069	0.020	0.030	0.997
1734	0.059	0.034	0.077	0.069	0.020	0.030	0.997
1736	0.059	0.034	0.077	0.069	0.020	0.030	0.997
1737	0.059	0.034	0.077	0.069	0.020	0.030	0.997
1739	0.059	0.034	0.077	0.069	0.020	0.030	0.997
1740	0.059	0.034	0.077	0.069	0.020	0.030	0.997
1742	0.059	0.034	0.077	0.069	0.020	0.030	0.997
1743	0.059	0.034	0.077	0.069	0.020	0.030	0.997
1745	0.059	0.034	0.077	0.069	0.020	0.030	0.997
1746	0.059	0.034	0.077	0.069	0.020	0.030	0.997
1748	0.059	0.034	0.077	0.069	0.020	0.030	0.997
1749	0.059	0.034	0.077	0.069	0.020	0.030	0.997
1750	0.059	0.034	0.077	0.069	0.020	0.030	0.997
1752	0.059	0.034	0.077	0.069	0.020	0.030	0.997
1753	0.059	0.034	0.077	0.069	0.020	0.030	0.997
1755	0.059	0.034	0.077	0.069	0.020	0.030	0.997
1756	0.059	0.034	0.077	0.069	0.020	0.030	0.997
1758	0.059	0.034	0.077	0.069	0.020	0.030	0.997
1759	0.059	0.034	0.077	0.069	0.020	0.030	0.997
1760	0.059	0.034	0.077	0.069	0.020	0.030	0.997
1762	0.059	0.034	0.077	0.069	0.020	0.030	0.997
1763	0.059	0.034	0.077	0.069	0.020	0.030	0.997
1764	0.059	0.034	0.077	0.069	0.020	0.030	0.997
1766	0.059	0.034	0.077	0.069	0.020	0.030	0.997
1767	0.059	0.034	0.077	0.069	0.020	0.030	0.997
1769	0.059	0.034	0.077	0.069	0.020	0.030	0.997
1770	0.059	0.034	0.077	0.069	0.020	0.030	0.997
1772	0.059	0.034	0.077	0.069	0.020	0.030	0.997
1773	0.059	0.034	0.077	0.069	0.020	0.030	0.997
1774	0.059	0.034	0.077	0.069	0.020	0.030	0.997
1776	0.059	0.034	0.077	0.069	0.020	0.030	0.997
1777	0.059	0.034	0.077	0.069	0.020	0.030	0.997
1779	0.059	0.034	0.077	0.069	0.020	0.030	0.997
1780	0.059	0.034	0.077	0.069	0.020	0.030	0.997
1782	0.059	0.034	0.077	0.069	0.020	0.030	0.997
1783	0.059	0.034	0.077	0.069	0.020	0.030	0.997
1784	0.059	0.034	0.077	0.069	0.020	0.030	0.997
1786	0.059	0.034	0.077	0.069	0.020	0.030	0.997
1787	0.059	0.034	0.077	0.069	0.020	0.030	0.997
1789	0.059	0.034	0.077	0.069	0.020	0.030	0.997
1790	0.059	0.034	0.077	0.069	0.020	0.030	0.997
1792	0.059	0.034	0.077	0.069	0.020	0.030	0.997
1793	0.059	0.034	0.077	0.069	0.020	0.030	0.997
1794	0.059	0.034	0.077	0.069	0.020	0.030	0.997
1796	0.059	0.034	0.077	0.069	0.020	0.030	0.997
1797	0.059	0.034	0.077	0.069	0.020	0.030	0.997
1799	0.059	0.034	0.077	0.069	0.020	0.030	0.997
1800	0.059	0.034	0.077	0.069	0.020	0.030	0.997
1802	0.059	0.034	0.077	0.069	0.020	0.030	0.997
1804	0.059	0.034	0.077	0.069	0.020	0.030	0.997
1805	0.059	0.034	0.077	0.069	0.020	0.030	0.997
1807	0.059	0.034	0.077	0.069	0.020	0.030	0.997
1808	0.059	0.034	0.077	0.069	0.020	0.030	0.997
1810	0.059	0.034	0.077	0.069	0.020	0.030	0.997
1812	0.059	0.034	0.077	0.069	0.020	0.030	0.997
1813	0.059	0.034	0.077	0.069	0.020	0.030	0.997
1815	0.059	0.034	0.077	0.069	0.020	0.030	0.997
1816	0.059	0.034	0.077	0.069	0.020	0.030	0.997
1818	0.059	0.034	0.077	0.069	0.020	0.030	0.997
1819	0.059	0.034	0.077	0.069	0.020	0.030	0.997
1820	0.059	0.034	0.077	0.069	0.020	0.030	0.997
1822	0.059	0.034	0.077	0.069	0.020	0.030	0.997
1823	0.059	0.034	0.077	0.069	0.020	0.030	0.997
1825	0.059	0.034	0.077	0.069	0.020	0.030	0.997
1827	0.059	0.034	0.077	0.069	0.020	0.030	0.997
1828	0.059	0.034	0.077	0.069	0.020	0.030	0.997
1830	0.059	0.034	0.077	0.069	0.020	0.030	0.997
1831	0.059	0.034	0.077	0.069	0.020	0.030	0.997
1833	0.059	0.034	0.077	0.069	0.020	0.030	0.997
1834	0.059	0.034	0.077	0.069	0.020	0.030	0.997
1836	0.059	0.034	0.077	0.069	0.020	0.030	0.997
1837	0.059	0.034	0.077	0.069	0.020	0.030	0.997
1839	0.059	0.034	0.077	0.069	0.020	0.030	0.997
1841	0.059	0.034	0.077	0.069	0.020	0.030	0.997
1842	0.059	0.034	0.077	0.069	0.020	0.030	0.997
1844	0.059	0.034	0.077	0.069	0.020	0.030	0.997
1845	0.059	0.034	0.077	0.069	0.020	0.030	0.997
1847	0.059	0.034	0.077	0.069	0.020	0.030	0.997
1848	0.059	0.034	0.077	0.069	0.020	0.030	0.997
1850	0.059	0.034	0.077	0.069	0.020	0.030	0.997
1852	0.059	0.034	0.077	0.069	0.020	0.030	0.997
1853	0.059	0.034	0.077	0.069	0.020	0.030	0.997
1855	0.059	0.034	0.077	0.069	0.020	0.030	0.997
1856	0.059	0.034	0.077	0.069	0.020	0.030	0.997
1858	0.059	0.034	0.077	0.069	0.020	0.030	0.997
1860	0.059	0.034	0.077	0.069	0.020	0.030	0.997
1861	0.059	0.034	0.077	0.069	0.020	0.030	0.997
1863	0.059	0.034	0.077	0.069	0.020	0.030	0.997
1864	0.059	0.034	0.077	0.069	0.020	0.030	0.997
1866	0.059	0.034	0.077	0.069	0.020	0.030	0.997
1868	0.059	0.034	0.077	0.069	0.020	0.030	0.997
1869	0.059	0.034	0.077	0.069	0.020	0.030	0.997
1870	0.059	0.034	0.077	0.069	0.020	0.030	0.997
1872	0.059	0.034	0.077	0.069	0.020	0.030	0.997
1873	0.059	0.034	0.077	0.069	0.020	0.030	0.997
1875	0.059	0.034	0.077	0.069	0.020	0.030	0.997
1876	0.059	0.034	0.077	0.069	0.020	0.030	0.997
1878	0.059	0.034	0.077	0.069	0.020	0.030	0.997
1879	0.059	0.034	0.077	0.069	0.020	0.030	0.997
1880	0.059	0.034	0.077	0.069	0.020	0.030	0.997
1882	0.059	0.034	0.077	0.069	0.020	0.030	0.997
1883	0.059	0.034	0.077	0.069	0.020	0.030	0.997
1885	0.059	0.034	0.077	0.069	0.020	0.030	0.997
1886	0.059	0.034	0.077	0.069	0.020	0.030	0.997
1888	0.059	0.034	0.077	0.069	0.020	0.030	0.997
1889	0.059	0.034	0.077	0.069	0.020	0.030	0.997
1891	0.059	0.034	0.077	0.069	0.020	0.030	0.997
1892	0.059	0.034	0.077	0.069	0.020	0.030	0.997
1894	0.059	0.034	0.077	0.069	0.020	0.030	0.997
1899	0.059	0.034	0.077	0.069	0.020	0.030	0.997
1900	0.059	0.034	0.077	0.069	0.020	0.030	0.997
1902	0.059	0.034	0.077	0.069	0.020	0.030	0.997
1903	0.059	0.034	0.077	0.069	0.020	0.030	0.997
1904	0.059	0.034	0.077	0.069	0.020	0.030	0.997
1905	0.059	0.034	0.077	0.069	0.020	0.030	0.997
1906	0.059	0.034	0.077	0.069	0.020	0.030	0.997
1907	0.059	0.034	0.077	0.069	0.020	0.030	0.997
1909	0.059	0.034	0.077	0.069	0.020	0.030	0.997
1910	0.059	0.034	0.077	0.069	0.020	0.030	0.997
1911	0.059	0.034	0.077	0.069	0.020	0.030	0.997
1912	0.059	0.034	0.077	0.069	0.020	0.030	0.997
1913	0.059	0.034	0.077	0.069	0.020	0.030	0.997
1914	0.059	0.034	0.077	0.069	0.020	0.030	0.997
1916	0.059	0.034	0.077	0.069	0.020	0.030	0.997
1917	0.059	0.034	0.077	0.069	0.020	0.030	0.997
1918	0.059	0.034	0.077	0.069	0.020	0.030	0.997
1919	0.059	0.034	0.077	0.069	0.020	0.030	0.997
1921	0.059	0.034	0.077	0.069	0.020	0.030	0.997
1922	0.059	0.034	0.077	0.069	0.020	0.030	0.997
1923	0.059	0.034	0.077	0.069	0.020	0.030	0.997
1925	0.059	0.034	0.077	0.069	0.020	0.030	0.997
1926	0.059	0.034	0.077	0.069	0.020	0.030	0.997
1928	0.059	0.034	0.077	0.069	0.020	0.030	0.997
1929	0.059	0.034	0.077	0.069	0.020	0.030	0.997
1931	0.059	0.034	0.077	0.069	0.020	0.030	0.997
1932	0.059	0.034	0.077	0.069	0.020	0.030	0.997
1934	0.059	0.034	0.077	0.069	0.020	0.030	0.997
1935	0.059	0.034	0.077	0.069	0.020	0.030	0.997
1937	0.059	0.034	0.077	0.069	0.020	0.030	0.997
1939	0.059	0.034	0.077	0.069	0.020	0.030	0.997
1940	0.059	0.034	0.077	0.069	0.020	0.030	0.997
1942	0.059	0.034	0.077	0.069	0.020	0.030	0.997
1943	0.059	0.034	0.077	0.069	0.020	0.030	0.997
1945	0.059	0.034	0.077	0.069	0.020	0.030	0.997
1947	0.059	0.034	0.077	0.069	0.020	0.030	0.997
1948	0.059	0.034	0.077	0.069	0.020	0.030	0.997
1950	0.059	0.034	0.077	0.069	0.020	0.030	0.997
1951	0.059	0.034	0.077	0.069	0.020	0.030	0.997
1953	0.059	0.034	0.077	0.069	0.020	0.030	0.997
1954	0.059	0.034	0.077	0.069	0.020	0.030	0.997
1955	0.059	0.034	0.077	0.069	0.020	0.030	0.997
1957	0.059	0.034	0.077	0.069	0.020	0.030	0.997
1958	0.059	0.034	0.077	0.069	0.020	0.030	0.997
1960	0.059	0.034	0.077	0.069	0.020	0.030	0.997
1961	0.059	0.034	0.077	0.069	0.020	0.030	0.997
1962	0.059	0.034	0.077	0.069	0.020	0.030	0.997
1964	0.059	0.034	0.077	0.069	0.020	0.030	0.997
1965	0.059	0.034	0.077	0.069	0.020	0.030	0.997
1967	0.059	0.034	0.077	0.069	0.020	0.030	0.997
1968	0.059	0.034	0.077	0.069	0.020	0.030	0.997
1970	0.059	0.034	0.077	0.069	0.020	0.030	0.997
1971	0.059	0.034	0.077	0.069	0.020	0.030	0.997
1973	0.059	0.034	0.077	0.069	0.020	0.030	0.997
1975	0.059	0.034	0.077	0.069	0.020	0.030	0.997
1976	0.059	0.034	0.077	0.069	0.020	0.030	0.997
1978	0.059	0.034	0.077	0.069	0.020	0.030	0.997
1979	0.059	0.034	0.077	0.069	0.020	0.030	0.997
1981	0.059	0.034	0.077	0.069	0.020	0.030	0.997
1982	0.059	0.034	0.077	0.069	0.020	0.030	0.997
1984	0.059	0.034	0.077	0.069	0.020	0.030	0.997
1985	0.059	0.034	0.077	0.069	0.020	0.030	0.997
1987	0.059	0.034	0.077	0.069	0.020	0.030	0.997
1988	0.059	0.034	0.077	0.069	0.020	0.030	0.997
1989	0.059	0.034	0.077	0.069	0.020	0.030	0.997
1991	0.059	0.034	0.077	0.069	0.020	0.030	0.997
1992	0.059	0.034	0.077	0.069	0.020	0.030	0.997
1994	0.059	0.034	0.077	0.069	0.020	0.030	0.997
1995	0.059	0.034	0.077	0.069	0.020	0.030	0.997
1997	0.059	0.034	0.077	0.069	0.020	0.030	0.997
1998	0.059	0.034	0.077	0.069	0.020	0.030	0.997
1999	0.059	0.034	0.077	0.069	0.020	0.030	0.997
2001	0.059	0.034	0.077	0.069	0.020	0.030	0.997
2002	0.059	0.034	0.077	0.069	0.020	0.030	0.997
2004	0.059	0.034	0.077	0.069	0.020	0.030	0.997
2005	0.059	0.034	0.077	0.069	0.020	0.030	0.997
2007	0.059	0.034	0.077	0.069	0.020	0.030	0.997
2008	0.059	0.034	0.077	0.069	0.020	0.030	0.997
2010	0.059	0.034	0.077	0.069	0.020	0.030	0.997
2011	0.059	0.034	0.077	0.069	0.020	0.030	0.997
2013	0.059	0.034	0.077	0.069	0.020	0.030	0.997
2015	0.059	0.034	0.077	0.069	0.020	0.030	0.997
2016	0.059	0.034	0.077	0.069	0.020	0.030	0.997
2018	0.059	0.034	0.077	0.069	0.020	0.030	0.997
2019	0.059	0.034	0.077	0.069	0.020	0.030	0.997
2021	0.059	0.034	0.077	0.069	0.020	0.030	0.997
2023	0.059	0.034	0.077	0.069	0.020	0.030	0.997
2024	0.059	0.034	0.077	0.069	0.020	0.030	0.997
2026	0.059	0.034	0.077	0.069	0.020	0.030	0.997
2027	0.059	0.034	0.077	0.069	0.020	0.030	0.997
2029	0.059	0.034	0.077	0.069	0.020	0.030	0.997
2031	0.059	0.034	0.077	0.069	0.020	0.030	0.997
2032	0.059	0.034	0.077	0.069	0.020	0.030	0.997
2033	0.059	0.034	0.077	0.069	0.020	0.030	0.997
2035	0.059	0.034	0.077	0.069	0.020	0.030	0.997
2036	0.059	0.034	0.077	0.069	0.020	0.030	0.997
2038	0.059	0.034	0.077	0.069	0.020	0.030	0.997
2039	0.059	0.034	0.077	0.069	0.020	0.030	0.997
2041	0.059	0.034	0.077	0.069	0.020	0.030	0.997
2042	0.059	0.034	0.077	0.069	0.020	0.030	0.997
2043	0.059	0.034	0.077	0.069	0.020	0.030	0.997
2045	0.059	0.034	0.077	0.069	0.020	0.030	0.997
2046	0.059	0.034	0.077	0.069	0.020	0.030	0.997
2047	0.059	0.034	0.077	0.069	0.020	0.030	0.997
2048	0.059	0.034	0.077	0.069	0.020	0.030	0.997
2050	0.059	0.034	0.077	0.069	0.020	0.030	0.997
2051	0.059	0.034	0.077	0.069	0.020	0.030	0.997
2053	0.059	0.034	0.077	0.069	0.020	0.030	0.997
2054	0.059	0.034	0.077	0.069	0.020	0.030	0.997
2055	0.059	0.034	0.077	0.069	0.020	0.030	0.997
2057	0.059	0.034	0.077	0.069	0.020	0.030	0.997
2058	0.059	0.034	0.077	0.069	0.020	0.030	0.997
2059	0.059	0.034	0.077	0.069	0.020	0.030	0.997
2061	0.059	0.034	0.077	0.069	0.020	0.030	0.997
2062	0.059	0.034	0.077	0.069	0.020	0.030	0.997
2063	0.059	0.034	0.077	0.069	0.020	0.030	0.997
2065	0.059	0.034	0.077	0.069	0.020	0.030	0.997
2066	0.059	0.034	0.077	0.069	0.020	0.030	0.997
2067	0.059	0.034	0.077	0.069	0.020	0.030	0.997
2069	0.059	0.034	0.077	0.069	0.020	0.030	0.997
2070	0.059	0.034	0.077	0.069	0.020	0.030	0.997
2071	0.059	0.034	0.077	0.069	0.020	0.030	0.997
2073	0.059	0.034	0.077	0.069	0.020	0.030	0.997
2075	0.059	0.034	0.077	0.069	0.020	0.030	0.997
2076	0.059	0.034	0.077	0.069	0.020	0.030	0.997
2078	0.059	0.034	0.077	0.069	0.020	0.030	0.997
2079	0.059	0.034	0.077	0.069	0.020	0.030	0.997
2081	0.059	0.034	0.077	0.069	0.020	0.030	0.997
2083	0.059	0.034	0.077	0.069	0.020	0.030	0.997
2084	0.059	0.034	0.077	0.069	0.020	0.030	0.997
2086	0.059	0.034	0.077	0.069	0.020	0.030	0.997
2087	0.059	0.034	0.077	0.069	0.020	0.030	0.997
2089	0.059	0.034	0.077	0.069	0.020	0.030	0.997
2091	0.059	0.034	0.077	0.069	0.020	0.030	0.997
2092	0.059	0.034	0.077	0.069	0.020	0.030	0.997
2094	0.059	0.034	0.077	0.069	0.020	0.030	0.997
2096	0.059	0.034	0.077	0.069	0.020	0.030	0.997
2097	0.059	0.034	0.077	0.069	0.020	0.030	0.997
2099	0.059	0.034	0.077	0.069	0.020	0.030	0.997
2100	0.059	0.034	0.077	0.069	0.020	0.030	0.997
2102	0.059	0.034	0.077	0.069	0.020	0.030	0.997
2104	0.059	0.034	0.077	0.069	0.020	0.030	0.997
2105	0.059	0.034	0.077	0.069	0.020	0.030	0.997
2107	0.059	0.034	0.077	0.069	0.020	0.030	0.997
2108	0.059	0.034	0.077	0.069	0.020	0.030	0.997
2110	0.059	0.034	0.077	0.069	0.020	0.030	0.997
2111	0.059	0.034	0.077	0.069	0.020	0.030	0.997
2113	0.059	0.034	0.077	0.069	0.020	0.030	0.997
2114	0.059	0.034	0.077	0.069	0.020	0.030	0.997
2116	0.059	0.034	0.077	0.069	0.020	0.030	0.997
2118	0.059	0.034	0.077	0.069	0.020	0.030	0.997
2119	0.059	0.034	0.077	0.069	0.020	0.030	0.997
2121	0.059	0.034	0.077	0.069	0.020	0.030	0.997
2122	0.059	0.034	0.077	0.069	0.020	0.030	0.997
2124	0.059	0.034	0.077	0.069	0.020	0.030	0.997
2125	0.059	0.034	0.077	0.069	0.020	0.030	0.997
2127	0.059	0.034	0.077	0.069	0.020	0.030	0.997
2128	0.059	0.034	0.077	0.069	0.020	0.030	0.997
2130	0.059	0.034	0.077	0.069	0.020	0.030	0.997
2131	0.059	0.034	0.077	0.069	0.020	0.030	0.997
2133	0.059	0.034	0.077	0.069	0.020	0.030	0.997
2135	0.059	0.034	0.077	0.069	0.020	0.030	0.997
2136	0.059	0.034	0.077	0.069	0.020	0.030	0.997
2137	0.059	0.034	0.077	0.069	0.020	0.030	0.997
2139	0.059	0.034	0.077	0.069	0.020	0.030	0.997
2141	0.059	0.034	0.077	0.069	0.020	0.030	0.997
2142	0.059	0.034	0.077	0.069	0.020	0.030	0.997
2144	0.059	0.034	0.077	0.069	0.020	0.030	0.997
2145	0.059	0.034	0.077	0.069	0.020	0.030	0.997
2147	0.059	0.034	0.077	0.069	0.020	0.030	0.997
2148	0.059	0.034	0.077	0.069	0.020	0.030	0.997
2150	0.059	0.034	0.077	0.069	0.020	0.030	0.997
2151	0.059	0.034	0.077	0.069	0.020	0.030	0.997
2153	0.059	0.034	0.077	0.069	0.020	0.030	0.997
2154	0.059	0.034	0.077	0.069	0.020	0.030	0.997
2155	0.059	0.034	0.077	0.069	0.020	0.030	0.997
2157	0.059	0.034	0.077	0.069	0.020	0.030	0.997
2158	0.059	0.034	0.077	0.069	0.020	0.030	0.997
2159	0.059	0.034	0.077	0.069	0.020	0.030	0.997
2161	0.059	0.034	0.077	0.069	0.020	0.030	0.997
2162	0.059	0.034	0.077	0.069	0.020	0.030	0.997
2164	0.059	0.034	0.077	0.069	0.020	0.030	0.997
2165	0.059	0.034	0.077	0.069	0.020	0.030	0.997
2167	0.059	0.034	0.077	0.069	0.020	0.030	0.997
2168	0.059	0.034	0.077	0.069	0.020	0.030	0.997
2169	0.059	0.034	0.077	0.069	0.020	0.030	0.997
2171	0.059	0.034	0.077	0.069	0.020	0.030	0.997
2172	0.059	0.034	0.077	0.069	0.020	0.030	0.997
2174	0.059	0.034	0.077	0.069	0.020	0.030	0.997
2175	0.059	0.034	0.077	0.069	0.020	0.030	0.997
2176	0.059	0.034	0.077	0.069	0.020	0.030	0.997
2178	0.059	0.034	0.077	0.069	0.020	0.030	0.997
2179	0.059	0.034	0.077	0.069	0.020	0.030	0.997
2181	0.059	0.034	0.077	0.069	0.020	0.030	0.997
2182	0.059	0.034	0.077	0.069	0.020	0.030	0.997
2183	0.059	0.034	0.077	0.069	0.020	0.030	0.997
2185	0.059	0.034	0.077	0.069	0.020	0.030	0.997
2186	0.059	0.034	0.077	0.069	0.020	0.030	0.997
2187	0.059	0.034	0.077	0.069	0.020	0.030	0.997
2189	0.059	0.034	0.077	0.069	0.020	0.030	0.997
2190	0.059	0.034	0.077	0.069	0.020	0.030	0.997
2192	0.059	0.034	0.077	0.069	0.020	0.030	0.997
2194	0.059	0.034	0.077	0.069	0.020	0.030	0.997
2195	0.059	0.034	0.077	0.069	0.020	0.030	0.997
2197	0.059	0.034	0.077	0.069	0.020	0.030	0.997
2198	0.059	0.034	0.077	0.069	0.020	0.030	0.997
2200	0.059	0.034	0.077	0.069	0.020	0.030	0.997
2201	0.059	0.034	0.077	0.069	0.020	0.030	0.997
2203	0.059	0.034	0.077	0.069	0.020	0.030	0.997
2205	0.059	0.034	0.077	0.069	0.020	0.030	0.997
2206	0.059	0.034	0.077	0.069	0.020	0.030	0.997
2208	0.059	0.034	0.077	0.069	0.020	0.030	0.997
2210	0.059	0.034	0.077	0.069	0.020	0.030	0.997
2211	0.059	0.034	0.077	0.069	0.020	0.030	0.997
2213	0.059	0.034	0.077	0.069	0.020	0.030	0.997
2214	0.059	0.034	0.077	0.069	0.020	0.030	0.997
2216	0.059	0.034	0.077	0.069	0.020	0.030	0.997
2217	0.059	0.034	0.077	0.069	0.020	0.030	0.997
2219	0.059	0.034	0.077	0.069	0.020	0.030	0.997
2220	0.059	0.034	0.077	0.069	0.020	0.030	0.997
2221	0.059	0.034	0.077	0.069	0.020	0.030	0.997
2223	0.059	0.034	0.077	0.069	0.020	0.030	0.997
2224	0.059	0.034	0.077	0.069	0.020	0.030	0.997
2226	0.059	0.034	0.077	0.069	0.020	0.030	0.997
2227	0.059	0.034	0.077	0.069	0.020	0.030	0.997
2228	0.059	0.034	0.077	0.069	0.020	0.030	0.997
2230	0.059	0.034	0.077	0.069	0.020	0.030	0.997
2231	0.059	0.034	0.077	0.069	0.020	0.030	0.997
2233	0.059	0.034	0.077	0.069	0.020	0.030	0.997
2234	0.059	0.034	0.077	0.069	0.020	0.030	0.997
2236	0.059	0.034	0.077	0.069	0.020	0.030	0.997
2237	0.059	0.034	0.077	0.069	0.020	0.030	0.997
2239	0.059	0.034	0.077	0.069	0.020	0.030	0.997
2240	0.059	0.034	0.077	0.069	0.020	0.030	0.997
2241	0.059	0.034	0.077	0.069	0.020	0.030	0.997
2243	0.059	0.034	0.077	0.069	0.020	0.030	0.997
2244	0.059	0.034	0.077	0.069	0.020	0.030	0.997
2246	0.059	0.034	0.077	0.069	0.020	0.030	0.997
2248	0.059	0.034	0.077	0.069	0.020	0.030	0.997
2249	0.059	0.034	0.077	0.069	0.020	0.030	0.997
2251	0.059	0.034	0.077	0.069	0.020	0.030	0.997
2252	0.059	0.034	0.077	0.069	0.020	0.030	0.997
2253	0.059	0.034	0.077	0.069	0.020	0.030	0.997
2255	0.059	0.034	0.077	0.069	0.020	0.030	0.997
2256	0.059	0.034	0.077	0.069	0.020	0.030	0.997
2258	0.059	0.034	0.077	0.069	0.020	0.030	0.997
2260	0.059	0.034	0.077	0.069	0.020	0.030	0.997
2261	0.059	0.034	0.077	0.069	0.020	0.030	0.997
2263	0.059	0.034	0.077	0.069	0.020	0.030	0.997
2264	0.059	0.034	0.077	0.069	0.020	0.030	0.997
2266	0.059	0.034	0.077	0.069	0.020	0.030	0.997
2267	0.059	0.034	0.077	0.069	0.020	0.030	0.997
2269	0.059	0.034	0.077	0.069	0.020	0.030	0.997
2271	0.059	0.034	0.077	0.069	0.020	0.030	0.997
2272	0.059	0.034	0.077	0.069	0.020	0.030	0.997
2274	0.059	0.034	0.077	0.069	0.020	0.030	0.997
2275	0.059	0.034	0.077	0.069	0.020	0.030	0.997
2277	0.059	0.034	0.077	0.069	0.020	0.030	0.997
2279	0.059	0.034	0.077	0.069	0.020	0.030	0.997
2280	0.059	0.034	0.077	0.069	0.020	0.030	0.997
2282	0.059	0.034	0.077	0.069	0.020	0.030	0.997
2283	0.059	0.034	0.077	0.069	0.020	0.030	0.997
2285	0.059	0.034	0.077	0.069	0.020	0.030	0.997
2287	0.059	0.034	0.077	0.069	0.020	0.030	0.997
2288	0.059	0.034	0.077	0.069	0.020	0.030	0.997
2290	0.059	0.034	0.077	0.069	0.020	0.030	0.997
2292	0.059	0.034	0.077	0.069	0.020	0.030	0.997
2293	0.059	0.034	0.077	0.069	0.020	0.030	0.997
2295	0.059	0.034	0.077	0.069	0.020	0.030	0.997
2296	0.059	0.034	0.077	0.069	0.020	0.030	0.997
2298	0.059	0.034	0.077	0.069	0.020	0.030	0.997
2299	0.059	0.034	0.077	0.069	0.020	0.030	0.997
2301	0.059	0.034	0.077	0.069	0.020	0.030	0.997
2302	0.059	0.034	0.077	0.069	0.020	0.030	0.997
2303	0.059	0.034	0.077	0.069	0.020	0.030	0.997
2305	0.059	0.034	0.077	0.069	0.020	0.030	0.997
2306	0.059	0.034	0.077	0.069	0.020	0.030	0.997
2308	0.059	0.034	0.077	0.069	0.020	0.030	0.997
2309	0.059	0.034	0.077	0.069	0.020	0.030	0.997
2311	0.059	0.034	0.077	0.069	0.020	0.030	0.997
2312	0.059	0.034	0.077	0.069	0.020	0.030	0.997
2313	0.059	0.034	0.077	0.069	0.020	0.030	0.997
2314	0.059	0.034	0.077	0.069	0.020	0.030	0.997
2316	0.059	0.034	0.077	0.069	0.020	0.030	0.997
2317	0.059	0.034	0.077	0.069	0.020	0.030	0.997
2319	0.059	0.034	0.077	0.069	0.020	0.030	0.997
2320	0.059	0.034	0.077	0.069	0.020	0.030	0.997
2322	0.059	0.034	0.077	0.069	0.020	0.030	0.997
2324	0.059	0.034	0.077	0.069	0.020	0.030	0.997
2325	0.059	0.034	0.077	0.069	0.020	0.030	0.997
2327	0.059	0.034	0.077	0.069	0.020	0.030	0.997
2328	0.059	0.034	0.077	0.069	0.020	0.030	0.997
2330	0.059	0.034	0.077	0.069	0.020	0.030	0.997
2331	0.059	0.034	0.077	0.069	0.020	0.030	0.997
2333	0.059	0.034	0.077	0.069	0.020	0.030	0.997
2334	0.059	0.034	0.077	0.069	0.020	0.030	0.997
2336	0.059	0.034	0.077	0.069	0.020	0.030	0.997
2337	0.059	0.034	0.077	0.069	0.020	0.030	0.997
2339	0.059	0.034	0.077	0.069	0.020	0.030	0.997
2341	0.059	0.034	0.077	0.069	0.020	0.030	0.997
2342	0.059	0.034	0.077	0.069	0.020	0.030	0.997
2343	0.059	0.034	0.077	0.069	0.020	0.030	0.997
2345	0.059	0.034	0.077	0.069	0.020	0.030	0.997
2346	0.059	0.034	0.077	0.069	0.020	0.030	0.997
2347	0.059	0.034	0.077	0.069	0.020	0.030	0.997
2349	0.059	0.034	0.077	0.069	0.020	0.030	0.997
2350	0.059	0.034	0.077	0.069	0.020	0.030	0.997
2351	0.059	0.034	0.077	0.069	0.020	0.030	0.997
2353	0.059	0.034	0.077	0.069	0.020	0.030	0.997
2354	0.059	0.034	0.077	0.069	0.020	0.030	0.997
2355	0.059	0.034	0.077	0.069	0.020	0.030	0.997
2357	0.059	0.034	0.077	0.069	0.020	0.030	0.997
2358	0.059	0.034	0.077	0.069	0.020	0.030	0.997
2359	0.059	0.034	0.077	0.069	0.020	0.030	0.997
2361	0.059	0.034	0.077	0.069	0.020	0.030	0.997
2362	0.059	0.034	0.077	0.069	0.020	0.030	0.997
2364	0.059	0.034	0.077	0.069	0.020	0.030	0.997
2365	0.059	0.034	0.077	0.069	0.020	0.030	0.997
2367	0.059	0.034	0.077	0.069	0.020	0.030	0.997
2368	0.059	0.034	0.077	0.069	0.020	0.030	0.997
2370	0.059	0.034	0.077	0.069	0.020	0.030	0.997
2371	0.059	0.034	0.077	0.069	0.020	0.030	0.997
2373	0.059	0.034	0.077	0.069	0.020	0.030	0.997
2374	0.059	0.034	0.077	0.069	0.020	0.030	0.997
2376	0.059	0.034	0.077	0.069	0.020	0.030	0.997
2378	0.059	0.034	0.077	0.069	0.020	0.030	0.997
2379	0.059	0.034	0.077	0.069	0.020	0.030	0.997
2380	0.059	0.034	0.077	0.069	0.020	0.030	0.997
2382	0.059	0.034	0.077	0.069	0.020	0.030	0.997
2383	0.059	0.034	0.077	0.069	0.020	0.030	0.997
2384	0.059	0.034	0.077	0.069	0.020	0.030	0.997
2386	0.059	0.034	0.077	0.069	0.020	0.030	0.997
2387	0.059	0.034	0.077	0.069	0.020	0.030	0.997
2389	0.059	0.034	0.077	0.069	0.020	0.030	0.997
2390	0.059	0.034	0.077	0.069	0.020	0.030	0.997
2392	0.059	0.034	0.077	0.069	0.020	0.030	0.997
2393	0.059	0.034	0.077	0.069	0.020	0.030	0.997
2395	0.059	0.034	0.077	0.069	0.020	0.030	0.997
2396	0.059	0.034	0.077	0.069	0.020	0.030	0.997
2397	0.059	0.034	0.077	0.069	0.020	0.030	0.997
2399	0.059	0.034	0.077	0.069	0.020	0.030	0.997
2400	0.059	0.034	0.077	0.069	0.020	0.030	0.997
2401	0.059	0.034	0.077	0.069	0.020	0.030	0.997
2403	0.059	0.034	0.077	0.069	0.020	0.030	0.997
2404	0.059	0.034	0.077	0.069	0.020	0.030	0.997
2405	0.059	0.034	0.077	0.069	0.020	0.030	0.997
2407	0.059	0.034	0.077	0.069	0.020	0.030	0.997
2408	0.059	0.034	0.077	0.069	0.020	0.030	0.997
2410	0.059	0.034	0.077	0.069	0.020	0.030	0.997
2411	0.059	0.034	0.077	0.069	0.020	0.030	0.997
2413	0.059	0.034	0.077	0.069	0.020	0.030	0.997
2415	0.059	0.034	0.077	0.069	0.020	0.030	0.997
2416	0.059	0.034	0.077	0.069	0.020	0.030	0.997
2418	0.059	0.034	0.077	0.069	0.020	0.030	0.997
2419	0.059	0.034	0.077	0.069	0.020	0.030	0.997
2421	0.059	0.034	0.077	0.069	0.020	0.030	0.997
2422	0.059	0.034	0.077	0.069	0.020	0.030	0.997
2424	0.059	0.034	0.077	0.069	0.020	0.030	0.997
2426	0.059	0.034	0.077	0.069	0.020	0.030	0.997
2427	0.059	0.034	0.077	0.069	0.020	0.030	0.997
2429	0.059	0.034	0.077	0.069	0.020	0.030	0.997
2430	0.059	0.034	0.077	0.069	0.020	0.030	0.997
2431	0.059	0.034	0.077	0.069	0.020	0.030	0.997
2433	0.059	0.034	0.077	0.069	0.020	0.030	0.997
2434	0.059	0.034	0.077	0.069	0.020	0.030	0.997
2436	0.059	0.034	0.077	0.069	0.020	0.030	0.997
2437	0.059	0.034	0.077	0.069	0.020	0.030	0.997
2439	0.059	0.034	0.077	0.069	0.020	0.030	0.997
2441	0.059	0.034	0.077	0.069	0.020	0.030	0.997
2442	0.059	0.034	0.077	0.069	0.020	0.030	0.997
2444	0.059	0.034	0.077	0.069	0.020	0.030	0.997
2445	0.059	0.034	0.077	0.069	0.020	0.030	0.997
2447	0.059	0.034	0.077	0.069	0.020	0.030	0.997
2448	0.059	0.034	0.077	0.069	0.020	0.030	0.997
2450	0.059	0.034	0.077	0.069	0.020	0.030	0.997
2451	0.059	0.034	0.077	0.069	0.020	0.030	0.997
2453	0.059	0.034	0.077	0.069	0.020	0.030	0.997
2454	0.059	0.034	0.077	0.069	0.020	0.030	0.997
2455	0.059	0.034	0.077	0.069	0.020	0.030	0.997
2457	0.059	0.034	0.077	0.069	0.020	0.030	0.997
2458	0.059	0.034	0.077	0.069	0.020	0.030	0.997
2460	0.059	0.034	0.077	0.069	0.020	0.030	0.997
2461	0.059	0.034	0.077	0.069	0.020	0.030	0.997
2463	0.059	0.034	0.077	0.069	0.020	0.030	0.997
2464	0.059	0.034	0.077	0.069	0.020	0.030	0.997
2466	0.059	0.034	0.077	0.069	0.020	0.030	0.997
2467	0.059	0.034	0.077	0.069	0.020	0.030	0.997
2469	0.059	0.034	0.077	0.069	0.020	0.030	0.997
2470	0.059	0.034	0.077	0.069	0.020	0.030	0.997
2472	0.059	0.034	0.077	0.069	0.020	0.030	0.997
2473	0.059	0.034	0.077	0.069	0.020	0.030	0.997
2475	0.059	0.034	0.077	0.069	0.020	0.030	0.997
2477	0.059	0.034	0.077	0.069	0.020	0.030	0.997
2478	0.059	0.034	0.077	0.069	0.020	0.030	0.997
2479	0.059	0.034	0.077	0.069	0.020	0.030	0.997
2481	0.059	0.034	0.077	0.069	0.020	0.030	0.997
2482	0.059	0.034	0.077	0.069	0.020	0.030	0.997
2484	0.059	0.034	0.077	0.069	0.020	0.030	0.997
2485	0.059	0.034	0.077	0.069	0.020	0.030	0.997
2487	0.059	0.034	0.077	0.069	0.020	0.030	0.997
2488	0.059	0.034	0.077	0.069	0.020	0.030	0.997
2489	0.059	0.034	0.077	0.069	0